1.12
1.12
1.05
1.05
1.03
0.98
0.97
0.96
0.92
0.94
0.95
0.93
0.89
0.80
0.86
0.86
0.88
0.85
0.95
1.01
1.09
1.04
1.01
1.10
1.10
1.15
1.20
1.14
1.10
1.02
1.11
1.24
1.29
1.58
1.66
1.60
1.60
1.77
1.85
1.72
1.79
1.77
1.87
1.91
1.75
1.83
1.75
1.73
2.04
1.99
1.98
2.11
1.98
2.01
2.19
2.11
2.21
2.49
2.30
2.33
2.49
2.41
2.60
2.79
2.64
3.00
3.43
3.29
2.86
2.81
2.98
3.07
2.84
2.96
2.67
2.78
2.24
2.59
2.51
2.32
2.28
2.32
2.39
2.16
2.20
2.00
2.01
2.04
2.08
1.97
1.78
1.68
1.60
1.48
1.42
1.41
1.35
1.38
1.36
1.45
1.50
1.45
1.57
1.58
1.75
1.98
1.92
2.06
2.00
2.41
2.57
2.98
3.20
3.35
3.60
3.83
3.84
4.29
4.01
3.80
3.94
3.53
3.64
3.74
3.98
3.94
3.57
3.35
3.15
3.57
3.16
3.37
3.21
3.18
2.82
2.66
2.56
2.58
2.70
2.65
2.51
2.43
2.40
2.19
2.19
2.05
2.47
2.72
3.09
4.00
4.91
5.56
5.93
5.28
5.67
5.97
6.46
5.67
5.59
5.14
5.26
4.78
4.61
4.37
4.53
4.21
4.24
3.65
3.60
3.38
3.27
3.13
3.18
2.82
2.77
2.81
2.50
2.55
2.44
1.96
1.95
1.88
1.80
1.58
1.50
1.55
1.46
1.46
1.34
1.29
1.20
1.26
1.12
1.15
1.16
1.02
1.02
0.95
0.94
0.96
0.98
0.93
0.87
0.88
0.91
0.91
0.88
0.90
0.88
0.88
0.84
0.79
0.80
0.84
0.79
0.83
0.85
0.83
0.85
0.92
0.83
0.81
0.78
0.82
0.87
0.85
0.85
0.85
0.86
0.88
0.85
0.87
0.94
0.98
1.02
1.02
1.04
0.96
1.00
1.06
1.06
1.07
1.10
1.04
1.12
1.06
1.09
1.09
1.19
1.19
1.24
1.26
1.26
1.34
1.35
1.38
1.32
1.32
1.42
1.39
1.39
1.36
1.35
1.32
1.40
1.37
1.53
1.38
1.48
1.52
1.58
1.46
1.66
1.64
1.59
1.69
1.71
1.78
1.87
1.80
1.71
1.80
1.96
2.10
2.26
2.21
2.22
2.37
2.28
2.24
2.14
2.31
2.35
2.28
2.49
2.34
2.42
2.09
2.28
2.12
1.89
1.87
1.80
1.96
2.02
2.45
2.46
2.88
2.95
2.82
2.79
3.01
3.06
3.69
3.54
3.57
3.74
3.68
3.70
3.66
3.64
3.85
3.73
4.42
4.32
4.40
4.12
3.57
3.93
3.56
3.27
2.96
3.05
2.80
2.91
2.79
2.54
2.61
2.66
2.56
2.61
2.40
2.22
2.19
2.25
2.13
2.03
2.02
2.02
1.96
2.06
2.15
2.19
2.24
1.99
2.16
2.20
2.19
2.43
2.37
2.70
2.86
3.17
2.98
3.74
3.98
4.48
4.13
4.35
4.04
3.88
3.75
4.02
3.74
4.48
3.66
3.89
4.02
3.70
3.57
3.20
3.29
3.30
2.98
3.47
3.17
3.34
3.33
3.49
3.19
3.31
3.46
3.61
3.41
3.28
3.37
3.45
3.75
3.78
4.31
3.94
4.10
4.79
4.95
5.36
5.43
5.26
5.25
4.74
4.63
4.29
4.01
4.40
4.11
4.04
3.55
3.61
3.22
3.25
3.73
3.25
3.32
2.77
3.13
2.67
2.33
2.18
2.21
2.03
1.91
1.83
1.95
1.71
1.66
1.57
1.55
1.70
1.79
2.19
2.65
2.99
3.63
3.77
4.17
4.37
4.02
4.00
3.89
3.78
3.33
3.29
3.58
3.51
3.11
3.41
3.39
3.15
3.29
3.04
2.90
2.73
2.78
2.70
2.54
2.83
2.88
2.98
2.92
2.85
2.79
2.90
2.64
2.48
2.38
2.68
2.55
2.51
2.38
2.53
2.22
2.14
2.26
2.19
2.15
2.05
2.06
2.12
2.03
1.98
1.88
1.90
1.68
1.74
1.60
1.49
1.48
1.47
1.41
1.33
1.44
1.38
1.47
1.48
1.51
1.39
1.40
1.46
1.49
1.42
1.47
1.38
1.57
1.49
1.60
1.66
1.75
1.74
1.82
1.73
1.64
1.78
2.07
2.09
2.55
2.85
2.97
3.24
3.67
3.98
4.86
4.66
5.14
5.16
5.35
6.02
5.90
5.80
6.30
6.41
5.77
5.44
6.20
5.10
5.13
4.60
5.17
4.53
4.34
4.32
3.99
4.33
3.84
3.47
3.28
3.25
3.25
2.97
2.93
2.86
2.69
2.81
2.58
2.50
2.58
2.75
3.26
3.35
3.45
3.29
3.36
3.82
3.42
3.61
3.30
3.53
3.13
3.45
3.81
3.73
3.51
3.57
3.36
3.68
3.57
3.57
3.41
3.22
3.20
3.52
3.33
3.09
2.95
3.00
3.00
3.21
3.53
3.58
3.36
3.64
4.02
3.72
3.82
3.91
4.26
4.57
5.17
5.17
6.00
6.35
7.71
7.16
6.52
6.95
6.27
5.94
5.53
5.60
4.97
4.85
4.30
4.44
4.17
3.90
3.72
3.83
3.63
3.22
3.01
3.25
3.14
3.07
2.85
2.71
2.54
2.61
2.45
2.21
2.17
2.12
2.02
1.98
1.97
2.14
2.20
2.14
2.22
2.52
2.79
2.85
3.23
3.36
3.40
3.19
3.19
3.17
3.09
2.75
2.70
3.21
3.33
3.90
4.36
4.00
4.36
3.96
3.98
3.92
3.79
3.14
3.13
2.62
2.78
2.58
2.40
2.37
1.98
2.05
1.93
2.01
1.96
1.97
1.67
1.88
1.45
1.53
1.49
1.38
1.42
1.47
1.29
1.30
1.28
1.48
1.69
1.96
2.24
2.69
3.68
4.11
4.79
4.32
4.43
4.08
4.01
4.19
3.83
3.96
4.04
3.90
3.95
3.93
3.74
3.71
4.42
3.65
3.92
3.64
3.86
4.15
4.54
3.84
4.27
4.66
4.26
4.49
4.07
3.93
3.90
3.67
3.47
3.54
3.36
3.06
3.20
2.97
3.37
2.99
3.12
2.80
2.78
2.94
2.73
2.64
2.38
2.55
2.53
2.47
2.58
2.41
2.57
2.46
2.60
2.51
2.80
2.38
2.55
2.56
2.32
2.35
2.12
2.04
2.05
1.82
1.79
2.16
2.43
2.97
3.61
3.96
4.20
4.43
4.48
4.55
4.24
3.95
4.20
4.25
3.49
3.70
3.54
4.52
3.66
3.36
3.37
3.52
3.48
3.05
3.39
3.61
3.53
3.47
3.29
3.12
3.24
3.40
3.66
3.31
3.68
3.44
3.63
3.32
3.43
3.51
3.59
3.24
3.57
3.23
3.38
2.80
2.94
2.69
2.62
2.35
2.37
2.32
2.09
2.21
2.00
1.97
1.82
2.02
2.22
2.70
2.75
3.37
4.12
4.88
4.56
5.55
5.35
5.36
5.41
4.95
4.72
4.30
3.91
4.02
4.02
4.04
3.92
3.91
3.66
3.54
3.03
3.16
2.99
2.70
2.24
2.29
2.12
2.08
2.11
2.05
2.20
2.28
2.48
2.91
3.16
3.02
3.17
3.09
3.32
3.41
2.93
3.12
2.68
3.03
2.78
2.49
2.33
2.08
2.11
2.18
1.95
2.17
2.15
2.22
2.46
2.35
2.67
2.62
2.55
2.41
2.12
2.19
2.17
2.23
2.12
2.20
1.84
1.93
1.64
1.52
1.76
1.64
1.46
1.47
1.41
1.42
1.37
1.44
1.35
1.34
1.50
1.52
1.51
1.51
1.53
1.49
1.43
1.47
1.54
1.62
1.64
1.62
1.84
1.81
1.80
1.88
1.68
1.75
1.44
1.53
1.62
1.58
1.60
1.43
1.30
1.28
1.28
1.19
1.13
1.15
1.13
1.12
1.01
1.03
1.20
1.26
1.31
1.26
1.29
1.28
1.24
1.22
1.23
1.11
1.05
1.11
0.98
0.97
0.89
0.94
0.88
0.80
0.84
0.85
0.83
0.86
0.90
0.89
0.89
0.91
0.87
0.88
0.85
0.85
0.77
0.75
0.99
1.02
1.08
1.01
1.02
0.99
1.12
1.16
1.16
1.23
1.34
1.40
1.61
1.58
1.57
1.81
2.08
2.58
3.01
4.09
4.54
4.67
4.48
4.21
4.61
4.53
3.99
4.54
4.43
4.37
4.04
4.36
4.17
3.64
3.67
3.75
3.78
4.16
4.14
4.12
4.37
4.28
4.72
4.44
4.56
4.29
4.33
4.09
4.10
3.81
3.83
3.37
3.54
3.24
3.23
3.25
3.06
3.29
3.16
2.87
2.67
2.60
2.89
2.61
2.44
2.38
2.56
2.25
2.49
2.30
2.31
2.11
2.07
2.05
2.13
2.20
2.54
2.28
2.68
2.36
2.63
2.58
2.64
2.78
2.84
2.81
2.65
2.82
2.55
2.72
2.58
2.45
2.35
2.05
2.11
1.98
1.68
1.81
1.76
1.62
1.60
1.59
1.41
1.45
1.39
1.47
1.59
1.61
1.59
1.91
1.92
1.97
2.47
3.02
2.96
2.89
3.43
3.46
3.62
3.71
3.67
3.38
3.16
3.36
3.12
3.31
3.17
3.23
3.23
3.13
3.67
3.57
3.87
4.57
4.39
4.64
5.45
5.64
6.06
6.34
6.16
6.75
6.77
6.28
6.48
5.80
5.86
5.92
5.30
4.98
4.73
4.66
4.13
3.84
3.69
3.27
3.33
2.99
2.63
2.61
2.30
2.23
2.14
2.04
1.83
1.87
1.97
1.90
2.10
2.07
2.21
2.26
2.80
3.02
3.17
3.51
3.44
3.49
3.31
3.44
3.04
3.03
3.53
3.33
3.87
3.67
3.52
3.33
3.97
3.88
4.48
4.06
4.60
4.34
4.58
4.26
3.65
3.54
3.44
3.06
3.04
3.07
2.58
2.75
2.42
2.66
2.78
2.66
2.39
2.12
2.09
2.05
1.92
1.87
1.62
1.63
1.53
1.63
1.52
1.74
1.76
1.84
1.96
2.36
2.41
2.77
2.66
3.15
3.73
3.43
3.56
3.94
4.11
4.97
5.62
6.03
5.31
5.53
5.91
5.28
5.52
5.70
5.35
6.32
5.37
5.52
5.60
5.43
5.28
4.99
4.33
4.61
5.01
5.00
4.91
4.69
5.01
5.87
4.97
5.20
5.25
5.35
4.69
5.03
4.85
4.89
4.97
4.62
4.64
4.58
4.45
4.03
3.88
3.73
3.44
3.56
3.57
3.23
2.88
3.15
3.03
2.64
2.42
2.40
2.28
2.22
2.10
2.00
2.01
2.03
2.02
1.93
1.78
1.75
1.55
1.50
1.61
1.46
1.49
1.42
1.51
1.91
2.31
2.58
3.26
4.16
4.38
4.43
4.09
4.02
3.16
4.03
3.76
3.91
3.89
4.13
3.51
3.61
3.93
3.65
3.51
3.21
2.98
2.70
2.86
2.62
2.80
2.53
2.49
2.26
2.25
2.30
2.04
2.08
2.05
2.14
1.93
1.82
1.82
1.71
1.74
1.74
1.56
1.76
1.53
1.52
1.44
1.48
1.41
1.43
1.55
1.29
1.48
1.22
1.24
1.18
1.26
1.09
1.12
1.10
1.12
1.07
1.03
1.02
1.05
1.07
1.02
1.17
1.24
1.32
1.42
1.31
1.28
1.40
1.27
1.24
1.18
1.14
1.05
1.14
1.01
1.01
0.98
0.89
0.86
0.84
0.89
0.78
0.82
0.92
0.95
1.09
1.09
1.11
1.13
1.28
1.53
1.83
2.27
2.38
2.30
2.79
3.11
3.15
3.01
3.40
3.03
3.67
3.92
4.05
4.12
4.50
4.63
4.83
4.28
4.54
5.10
4.74
5.22
4.92
4.23
4.51
4.33
4.04
3.99
3.70
3.47
3.68
3.44
3.30
3.57
3.44
3.11
2.88
2.88
2.75
3.03
3.26
3.07
3.32
3.28
2.97
3.05
3.16
3.27
3.31
3.30
3.66
4.01
4.30
4.50
5.17
4.16
5.00
4.89
4.97
4.83
4.62
4.15
4.63
4.49
3.73
3.50
3.24
3.18
3.04
2.91
2.83
2.94
3.02
3.02
2.84
2.94
2.90
2.95
2.81
2.79
2.81
3.03
2.83
2.56
2.53
2.51
2.45
2.37
2.51
2.55
2.61
2.75
2.59
2.88
2.87
2.84
3.43
3.74
3.68
3.62
4.00
3.59
3.46
3.46
3.24
3.30
3.21
3.59
3.91
4.29
4.72
4.80
4.34
4.78
4.58
4.07
3.79
3.67
3.29
3.32
3.12
2.96
2.90
2.82
2.71
2.57
2.49
2.38
2.38
2.24
2.19
2.01
1.81
1.56
1.55
1.68
1.63
1.80
1.95
2.20
2.72
3.00
3.08
3.74
3.68
3.65
3.69
3.80
4.18
3.54
3.25
2.81
2.65
2.58
2.56
2.68
2.32
2.27
2.20
2.28
2.11
1.93
1.86
1.78
1.74
1.80
1.78
1.81
1.82
1.78
1.75
1.78
1.73
1.80
1.84
1.74
1.79
1.79
1.93
1.89
1.79
1.81
1.79
1.83
1.85
1.73
1.50
1.55
1.62
1.53
1.56
1.58
1.48
1.59
1.64
1.60
1.47
1.37
1.37
1.22
1.24
1.25
1.15
1.18
1.12
1.16
1.15
1.16
1.28
1.21
1.23
1.24
1.20
1.19
1.18
1.13
1.11
1.13
1.18
1.16
1.29
1.25
1.40
1.40
1.51
1.59
1.69
1.81
1.84
1.60
1.58
1.62
1.44
1.60
1.44
1.73
1.93
1.93
2.09
2.18
2.32
2.60
2.36
2.24
2.04
2.20
2.24
2.23
2.23
2.06
2.04
1.97
2.28
2.01
2.14
2.12
1.92
1.89
1.81
1.97
1.83
1.81
1.87
1.76
1.76
1.74
1.50
1.61
1.71
1.48
1.53
1.46
1.49
1.40
1.39
1.37
1.38
1.30
1.36
1.33
1.49
1.27
1.32
1.31
1.22
1.27
1.14
1.37
1.31
1.33
1.36
1.33
1.35
1.47
1.52
1.54
1.65
1.64
1.60
1.67
1.48
1.54
1.57
1.57
1.65
1.81
1.75
1.73
1.64
1.69
1.84
1.82
1.83
1.92
1.82
1.77
2.01
1.94
2.02
1.96
1.87
1.89
1.88
1.94
1.96
1.94
1.99
2.06
2.13
2.12
1.85
1.90
1.78
1.89
1.73
1.76
1.88
1.77
1.82
1.86
1.79
1.84
1.74
1.67
1.73
1.92
2.00
1.93
2.25
2.27
2.42
2.66
2.84
2.94
3.11
3.56
3.82
4.27
4.74
5.06
5.21
4.99
4.84
4.91
4.79
4.18
4.51
4.12
3.54
3.73
3.44
3.81
3.76
3.62
3.32
3.51
3.18
3.73
3.54
3.53
3.78
3.70
3.33
3.67
3.40
3.80
3.58
3.32
3.06
3.43
2.84
2.67
2.86
2.61
2.87
2.69
2.69
2.93
3.10
2.98
3.13
3.27
3.15
3.01
3.01
2.63
2.81
2.67
2.65
2.66
2.31
2.08
1.98
1.65
1.85
1.71
1.66
1.57
1.66
1.57
1.45
1.40
1.30
1.15
1.12
1.07
1.11
1.10
1.17
1.27
1.32
1.36
1.41
1.57
1.66
1.61
1.73
1.98
1.82
1.95
1.94
2.01
1.95
2.16
1.98
1.79
1.70
1.57
1.52
1.21
1.26
1.38
1.47
1.46
1.52
1.55
1.51
1.36
1.41
1.52
1.56
1.56
1.53
1.58
1.57
1.48
1.48
1.66
1.52
1.67
1.84
1.70
1.90
1.93
1.70
1.63
1.53
1.49
1.41
1.44
1.49
1.41
1.49
1.22
1.40
1.40
1.35
1.40
1.56
1.55
1.44
1.48
1.41
1.44
1.41
1.38
1.48
1.34
1.37
1.38
1.36
1.24
1.25
1.37
1.39
1.32
1.27
1.26
1.33
1.40
1.39
1.23
1.38
1.33
1.42
1.39
1.38
1.40
1.54
1.48
1.52
1.57
1.48
1.59
1.47
1.56
1.43
1.54
1.54
1.57
1.65
1.66
1.58
1.59
1.68
1.74
1.72
1.82
1.69
1.72
1.81
1.61
1.73
1.79
1.77
1.75
1.68
1.69
1.67
1.60
1.48
1.55
1.42
1.45
1.30
1.38
1.62
1.70
1.86
1.88
2.11
2.27
2.21
2.28
2.46
2.19
2.33
2.41
2.33
2.55
2.58
2.40
2.67
2.59
2.42
2.39
2.40
2.52
2.30
2.31
2.25
2.30
2.29
2.18
2.04
1.93
2.03
2.11
2.10
2.01
2.03
2.13
2.15
2.12
2.24
2.28
1.99
2.08
1.95
1.78
1.91
1.91
2.00
1.94
2.10
2.09
2.17
1.85
1.93
2.06
2.15
2.25
2.38
2.28
2.22
2.44
2.37
2.43
2.05
2.46
2.15
2.08
2.15
2.44
2.33
2.18
2.03
2.26
2.22
1.93
2.17
2.08
2.01
1.89
1.88
1.96
1.90
2.10
2.16
1.85
1.98
2.08
2.08
2.14
2.35
2.45
2.37
2.40
2.40
2.33
2.48
2.59
2.79
3.05
2.91
3.09
3.20
3.29
3.23
3.06
3.24
3.86
3.58
3.41
3.59
3.66
3.37
3.60
3.60
3.58
3.42
3.58
3.27
3.38
3.47
3.01
3.18
3.10
2.88
2.76
2.40
2.41
2.42
2.19
2.28
2.08
2.01
2.04
1.91
1.85
1.81
1.78
1.84
1.51
1.45
1.36
1.36
1.35
1.24
1.20
1.18
1.13
1.14
1.11
1.08
1.04
1.04
1.03
1.01
1.06
1.08
1.18
1.09
1.09
1.02
0.98
0.97
0.91
0.95
0.97
0.95
0.95
1.09
1.13
1.18
1.37
1.28
1.38
1.38
1.38
1.56
1.71
1.50
1.47
1.45
1.35
1.37
1.30
1.45
1.45
1.64
1.73
1.81
1.71
1.85
1.91
1.83
1.91
1.97
2.17
2.22
2.16
2.31
2.19
1.89
1.92
1.88
1.89
1.49
1.41
1.41
1.33
1.37
1.46
1.32
1.43
1.59
1.62
1.60
1.53
1.60
1.59
1.50
1.46
1.40
1.33
1.33
1.29
1.22
1.26
1.32
1.17
1.10
1.08
1.10
1.06
1.03
1.04
1.02
1.06
0.95
0.99
0.91
0.95
1.01
1.10
1.22
1.26
1.26
1.37
1.41
1.59
2.12
2.46
2.65
2.50
2.38
2.41
2.39
2.17
2.29
2.46
2.75
2.89
2.99
3.24
3.27
3.13
2.94
3.12
3.14
2.88
2.83
2.74
2.53
2.36
2.30
2.14
2.14
2.13
1.87
1.88
1.95
1.87
1.71
1.65
1.61
1.65
1.59
1.49
1.47
1.39
1.49
1.35
1.46
1.40
1.35
1.33
1.33
1.44
1.38
1.45
1.32
1.39
1.32
1.31
1.32
1.23
1.16
1.19
1.27
1.30
1.43
1.26
1.12
1.95
3.49
4.24
5.23
5.44
5.72
6.04
5.58
6.23
5.11
4.63
5.23
4.09
4.69
4.25
3.33
3.43
3.29
3.39
3.17
3.23
3.11
3.10
2.88
2.65
2.65
2.56
2.47
2.35
2.39
2.31
2.23
2.13
2.12
1.97
1.80
1.62
1.71
1.65
1.54
1.54
1.54
1.34
1.36
1.32
1.36
1.37
1.25
1.25
1.16
1.04
1.05
1.04
1.06
1.07
1.02
1.02
1.03
1.02
0.98
1.05
1.25
1.39
1.46
1.44
1.52
1.56
1.75
1.70
1.59
1.69
1.52
1.33
1.28
1.37
1.12
1.02
1.10
1.08
1.10
1.10
1.02
0.99
0.99
0.90
0.87
0.86
0.86
0.81
0.80
0.84
0.94
0.92
1.04
1.06
1.24
1.36
1.45
1.59
1.65
1.94
2.01
2.15
2.07
2.08
2.33
2.33
2.27
2.35
2.42
2.62
2.41
2.19
2.16
2.15
2.14
2.04
2.11
2.17
2.14
2.01
2.13
2.25
2.03
2.17
2.01
1.85
2.15
2.13
2.16
2.16
2.15
2.15
2.05
2.27
2.18
2.04
1.92
1.93
1.97
1.87
1.92
2.00
1.96
2.09
1.97
1.98
1.94
1.97
1.99
1.98
1.97
2.07
2.12
2.10
1.99
2.20
1.85
1.86
1.80
1.66
1.51
1.53
1.44
1.49
1.40
1.44
1.44
1.37
1.27
1.38
1.30
1.18
1.30
1.15
1.06
0.96
1.01
1.02
1.08
1.17
1.45
1.69
2.06
2.19
2.38
2.73
3.18
3.51
3.54
3.83
4.01
4.38
4.63
5.16
5.34
6.26
6.20
6.69
6.02
7.27
7.50
8.61
9.08
10.13
8.72
9.22
7.65
8.38
7.36
8.07
6.62
7.08
7.19
6.06
6.13
6.20
6.26
6.80
6.10
5.66
5.78
5.74
5.76
5.61
6.05
5.78
5.46
6.13
6.08
5.82
5.52
5.76
5.89
5.82
5.94
5.10
6.16
5.88
5.46
5.52
5.57
5.50
5.06
4.83
4.29
4.54
4.64
4.28
4.38
4.44
4.11
4.22
4.27
4.06
3.65
3.63
4.00
3.72
3.75
4.19
3.79
3.55
3.75
3.47
3.13
3.07
2.92
3.01
2.88
2.81
2.68
2.56
2.73
2.66
2.87
2.77
2.76
2.80
2.88
3.08
3.04
3.00
2.85
3.14
3.54
3.42
3.24
3.29
3.41
3.71
3.52
3.74
3.43
3.61
3.42
3.33
3.23
3.35
3.53
4.02
3.76
3.78
3.68
3.84
3.72
3.83
3.59
3.83
3.93
4.16
4.05
3.97
4.26
4.31
4.29
4.19
4.08
4.07
3.50
3.73
3.72
3.17
3.51
3.75
3.61
3.17
3.19
3.38
3.53
3.26
3.29
3.16
3.22
3.33
2.82
3.13
2.73
2.96
2.63
2.51
2.39
2.34
2.50
2.36
2.13
2.13
2.21
1.89
2.04
1.86
1.91
1.90
1.91
1.76
1.70
1.58
1.66
1.53
1.52
1.43
1.33
1.58
1.54
1.65
1.65
1.54
1.57
1.36
1.45
1.43
1.37
1.31
1.32
1.39
1.28
1.26
1.13
1.18
1.09
1.09
1.08
1.08
0.98
0.98
1.06
1.00
0.99
1.07
1.07
1.02
1.16
1.07
1.21
1.21
1.37
1.43
1.48
1.40
1.52
1.58
1.51
1.56
1.60
1.72
1.85
1.88
1.90
2.07
1.96
2.18
2.11
2.03
1.99
2.04
1.99
1.82
1.81
1.80
1.76
1.83
1.68
1.65
1.64
1.61
1.56
1.70
1.63
1.63
1.59
1.62
1.68
1.72
1.60
1.71
1.69
1.72
1.65
1.65
1.70
1.67
1.65
1.78
1.71
1.82
1.65
1.71
1.59
1.63
1.86
1.61
1.62
1.69
1.49
1.60
1.43
1.46
1.53
1.37
1.37
1.32
1.23
1.26
1.27
1.38
1.31
1.29
1.29
1.29
1.35
1.32
1.37
1.66
1.62
1.75
1.83
2.05
1.94
1.88
2.02
1.98
2.10
2.09
2.26
2.23
2.25
2.63
2.39
2.77
2.81
2.78
2.84
2.73
2.77
2.87
3.12
2.80
3.14
3.05
3.09
2.94
2.78
2.64
2.47
2.57
2.52
2.55
2.43
2.35
2.52
2.35
2.33
2.45
2.24
2.03
1.86
1.87
1.88
1.90
1.71
1.67
1.57
1.54
1.57
1.73
1.67
1.59
1.62
1.66
1.66
1.62
1.55
1.63
1.35
1.43
1.40
1.21
1.25
1.13
1.27
1.29
1.20
1.14
1.17
1.19
1.19
1.17
1.18
1.18
1.21
1.31
1.36
1.40
1.57
1.56
1.56
1.78
1.82
1.78
1.77
1.71
1.74
1.90
1.73
1.81
1.89
1.83
1.87
1.94
1.83
1.82
1.92
1.91
1.85
1.68
1.56
1.46
1.39
1.24
1.20
1.18
1.14
1.23
1.18
1.30
1.37
1.46
1.40
1.70
1.87
2.04
1.85
1.79
1.93
1.89
1.93
1.81
1.81
1.92
1.59
1.73
1.55
1.57
1.59
1.70
1.61
1.57
1.65
1.52
1.59
1.56
1.53
1.42
1.35
1.31
1.19
1.11
1.12
1.08
1.09
1.40
1.56
1.54
1.59
1.78
1.98
2.24
2.11
1.84
2.03
1.72
1.75
1.65
1.52
1.60
1.68
1.69
1.75
1.87
1.66
1.74
1.91
1.84
1.90
1.77
1.76
1.60
1.58
1.57
1.58
1.37
1.39
1.43
1.43
1.45
1.30
1.32
1.39
1.32
1.27
1.33
1.22
1.18
1.25
1.17
1.21
1.14
1.09
1.05
1.02
0.98
1.02
0.96
0.93
0.96
1.03
1.00
0.92
0.95
0.99
1.04
1.04
1.20
1.26
1.33
1.28
1.31
1.31
1.41
1.43
1.59
1.75
1.61
2.79
4.29
4.85
4.88
5.49
6.14
8.42
8.46
8.76
9.56
10.87
9.76
11.73
10.33
9.78
10.19
9.90
11.30
11.51
12.43
11.00
10.64
10.97
9.79
8.85
9.89
10.21
8.84
7.96
7.08
8.11
6.37
5.65
5.90
5.82
4.72
4.69
4.77
4.47
4.53
4.78
4.57
4.28
4.62
4.13
3.66
3.90
3.80
3.66
3.67
3.42
3.50
3.26
3.40
2.97
2.97
2.73
2.63
2.57
2.34
2.45
2.46
2.54
2.33
2.29
2.22
2.32
2.22
2.21
2.36
2.37
2.16
2.25
1.95
2.01
2.17
2.29
2.06
2.06
1.93
1.98
1.79
1.81
1.77
1.86
1.93
1.80
2.12
1.90
2.18
2.08
2.04
2.04
2.07
1.84
1.82
1.64
1.55
1.54
1.41
1.47
1.42
1.41
1.28
1.27
1.24
1.27
1.24
1.25
1.29
1.33
1.38
1.30
1.36
1.32
1.14
1.14
1.20
1.14
1.13
1.11
0.99
1.01
1.04
1.05
1.06
1.02
1.04
1.02
1.01
1.14
1.09
1.07
0.95
1.02
1.05
1.06
0.91
1.00
0.88
0.93
0.90
0.88
0.88
0.87
0.85
0.75
0.74
0.73
0.72
0.77
0.70
0.71
0.70
0.76
0.82
0.76
0.82
0.79
0.82
0.82
0.80
0.79
0.73
0.79
0.97
1.13
1.09
1.27
1.53
2.08
2.07
2.54
2.81
2.69
2.99
3.25
2.99
3.07
3.28
2.97
2.75
2.63
2.85
2.41
2.56
2.51
2.57
2.39
2.12
2.07
1.79
1.89
1.90
1.87
1.90
1.79
1.75
1.62
1.58
1.68
1.74
1.83
1.53
1.52
1.64
1.45
1.51
1.43
1.35
1.42
1.26
1.22
1.31
1.28
1.20
1.23
1.25
1.14
1.10
1.20
1.16
1.16
1.24
1.29
1.23
1.38
1.55
1.48
1.59
1.51
1.50
1.47
1.50
1.56
1.50
1.49
1.45
1.49
1.54
1.66
1.92
1.85
1.96
1.82
1.96
1.96
2.01
2.19
1.91
1.87
1.94
1.81
1.68
1.67
1.67
1.61
1.56
1.78
1.80
1.78
1.70
1.73
1.75
1.74
1.66
1.55
1.57
1.53
1.46
1.54
1.47
1.45
1.43
1.43
1.68
1.67
1.81
1.80
1.79
1.81
1.64
1.78
1.80
1.81
1.79
2.02
2.28
2.37
2.69
2.95
3.65
3.58
3.98
3.47
3.82
3.71
3.50
3.45
3.52
3.36
3.81
3.53
3.35
3.16
3.47
3.17
3.07
2.98
3.28
3.20
2.96
2.76
2.71
2.55
2.33
2.18
2.04
2.00
1.96
2.00
1.92
1.88
1.90
1.72
1.67
1.55
1.45
1.27
1.20
1.29
1.42
1.41
1.40
1.51
1.60
1.97
1.91
1.84
1.75
1.52
1.45
1.40
1.36
1.39
1.27
1.17
1.16
1.08
1.10
1.15
1.18
1.15
1.18
1.17
1.20
1.24
1.14
1.18
1.14
1.06
1.00
0.96
0.93
0.91
0.88
0.93
0.94
0.95
0.95
0.93
0.92
0.95
0.99
1.03
0.95
1.01
1.04
1.07
1.01
1.00
0.94
1.01
1.04
1.09
1.04
1.18
1.14
1.16
1.23
1.19
1.32
1.28
1.51
1.45
1.47
1.49
1.41
1.37
1.35
1.55
1.42
1.56
1.78
1.75
1.85
1.92
1.81
1.72
1.69
1.62
1.75
1.83
1.87
2.11
1.93
2.03
2.00
1.89
1.84
1.70
1.76
1.64
1.85
1.79
1.72
1.91
1.87
1.71
1.77
1.75
1.69
1.74
1.60
1.70
1.72
1.66
1.59
1.47
1.47
1.58
1.50
1.71
1.68
1.48
1.49
1.42
1.48
1.51
1.35
1.27
1.22
1.34
1.30
1.25
1.23
1.21
1.27
1.14
1.17
1.13
1.07
1.12
1.02
0.95
0.96
0.92
0.95
0.97
0.91
0.89
0.90
0.87
0.84
0.79
0.80
0.86
0.82
0.81
0.82
0.78
0.85
0.80
0.72
0.73
0.68
0.70
0.71
0.68
0.68
0.73
0.79
0.76
0.79
0.77
0.74
0.74
0.77
0.73
0.79
0.75
0.75
0.73
0.78
0.73
0.70
0.70
0.73
0.76
0.75
0.75
0.74
0.77
0.69
0.74
0.71
0.73
0.70
0.72
0.75
0.74
0.76
0.75
0.73
0.67
0.76
0.76
0.77
0.73
0.80
0.74
0.82
0.79
0.77
0.85
0.86
0.82
0.86
0.82
0.86
0.84
0.81
0.93
0.89
0.87
0.89
0.91
0.93
0.95
0.97
1.04
1.08
1.07
1.06
0.98
0.93
1.00
0.90
1.05
1.12
1.22
1.17
1.17
1.17
1.08
1.15
1.17
1.28
1.26
1.25
1.24
1.18
1.17
1.27
1.26
1.29
1.23
1.33
1.30
1.43
1.37
1.41
1.32
1.28
1.41
1.29
1.31
1.31
1.18
1.18
1.19
1.13
1.15
1.14
1.15
1.08
1.11
1.13
1.12
1.18
1.15
1.06
1.03
1.07
1.05
1.08
0.93
1.00
0.96
0.95
0.98
0.97
0.93
0.89
0.99
0.92
0.87
0.90
0.83
0.82
0.91
0.91
0.97
0.92
0.97
0.95
0.92
0.90
0.91
0.96
0.97
0.92
1.03
0.97
1.05
1.02
1.05
1.05
1.06
1.18
1.21
1.14
1.09
1.15
1.19
1.26
1.26
1.27
1.42
1.37
1.46
1.53
1.68
1.76
1.68
1.88
1.80
1.99
2.18
2.27
2.61
2.99
3.36
3.55
3.69
4.46
3.39
3.63
3.86
4.15
3.81
4.21
3.78
3.89
3.80
4.34
4.63
4.68
4.80
4.60
4.56
4.67
5.21
5.36
5.17
5.32
4.65
4.90
4.62
4.34
4.18
4.38
3.67
3.69
3.48
3.40
3.51
3.18
2.97
2.93
2.92
3.00
2.75
2.96
2.71
2.60
2.57
2.66
2.98
2.67
2.72
2.59
2.71
2.77
2.76
2.66
2.67
2.84
2.80
2.86
2.69
2.76
2.49
2.27
2.33
2.28
2.16
2.18
2.37
2.16
2.32
2.28
2.30
2.36
2.42
2.42
2.35
2.55
2.39
2.59
2.45
2.15
2.08
2.24
2.27
2.25
2.32
2.30
2.16
1.94
1.95
1.83
1.74
1.60
1.53
1.46
1.42
1.35
1.37
1.19
1.18
1.24
1.05
1.07
1.05
0.95
0.96
1.04
0.97
1.00
1.05
1.02
1.14
1.12
1.16
1.11
1.11
1.10
1.08
1.09
1.10
1.08
1.08
1.03
1.11
1.08
1.01
1.02
1.07
1.08
1.09
1.02
1.01
1.09
1.08
1.17
1.17
1.26
1.43
1.50
1.58
1.55
1.85
1.66
1.89
2.04
1.90
1.86
1.73
1.69
1.60
1.67
1.70
1.56
1.56
1.54
1.65
1.68
1.70
1.74
1.66
1.65
1.61
1.34
1.25
1.25
1.17
1.14
1.06
1.10
1.31
1.32
1.28
1.40
1.29
1.29
1.21
1.14
1.17
1.20
1.25
1.17
1.16
1.10
1.08
1.06
0.99
1.07
1.00
1.11
1.06
1.07
1.02
1.12
1.03
1.05
1.06
1.01
1.19
1.17
1.18
1.13
1.16
1.16
1.04
1.01
0.98
0.96
1.00
0.97
1.17
1.13
1.17
1.26
1.29
1.27
1.37
1.31
1.32
1.31
1.28
1.24
1.20
1.21
1.18
1.22
1.20
1.24
1.25
1.44
1.34
1.30
1.28
1.21
1.27
1.35
1.50
1.43
1.49
1.59
1.68
1.67
1.61
1.62
1.56
1.69
1.51
1.80
1.82
1.95
1.99
2.05
1.97
2.14
2.03
2.12
2.28
2.23
1.91
2.09
2.15
2.12
2.19
2.08
2.11
2.16
2.28
2.05
2.07
2.40
2.24
2.56
2.22
2.10
2.24
2.21
2.06
2.25
2.14
2.17
2.09
1.85
2.13
2.20
2.08
2.05
2.00
1.91
1.88
1.76
1.81
1.81
1.71
1.68
1.70
1.58
1.59
1.62
1.69
1.58
1.51
1.44
1.33
1.47
1.49
1.35
1.53
1.34
1.33
1.55
1.33
1.43
1.35
1.55
1.54
1.59
1.63
1.67
1.54
1.48
1.46
1.46
1.46
1.34
1.54
1.46
1.48
1.34
1.28
1.29
1.31
1.24
1.35
1.26
1.32
1.23
1.20
1.16
1.09
1.13
1.24
1.16
1.14
1.15
1.13
1.23
1.23
1.18
1.23
1.09
1.10
1.05
1.06
1.04
1.03
1.12
0.93
1.06
1.07
1.01
1.02
0.98
0.99
0.97
1.08
1.16
1.16
1.19
1.21
1.17
1.13
1.17
1.20
1.18
1.13
1.19
1.18
1.12
1.10
1.09
1.02
0.94
0.86
0.89
0.92
0.89
0.90
0.91
0.96
0.90
0.82
0.91
0.90
0.91
0.85
0.86
0.93
1.00
0.96
0.97
1.08
1.16
1.24
1.14
1.15
1.14
1.07
1.15
1.16
1.19
1.28
1.32
1.37
1.59
1.58
1.71
1.84
1.81
1.76
1.81
1.72
1.60
1.60
1.60
1.42
1.35
1.41
1.34
1.37
1.44
1.49
1.39
1.29
1.28
1.22
1.25
1.05
1.05
1.01
1.04
0.92
0.93
0.82
0.79
0.83
0.94
0.94
0.92
0.94
1.09
1.27
1.39
1.49
1.44
1.52
1.71
1.60
1.57
1.39
1.32
1.14
1.19
1.18
1.03
0.96
0.95
1.02
0.92
0.90
0.90
0.90
0.88
0.88
0.92
0.84
0.86
0.80
0.80
0.78
0.76
0.65
0.66
0.69
0.69
0.66
0.67
0.64
0.67
0.66
0.66
0.66
0.68
0.68
0.72
0.73
0.76
0.76
0.77
0.76
0.74
0.71
0.72
0.72
0.64
0.61
0.71
0.73
0.69
0.65
0.67
0.66
0.62
0.61
0.57
0.57
0.56
0.54
0.57
0.55
0.54
0.55
0.59
0.56
0.61
0.56
0.61
0.56
0.62
0.56
0.60
0.64
0.59
0.63
0.65
0.72
0.70
0.69
0.67
0.69
0.65
0.71
0.74
0.74
0.73
0.76
0.80
0.79
0.80
0.79
0.84
0.86
0.86
0.87
0.89
0.92
0.83
0.84
0.86
0.85
0.86
0.88
0.96
0.91
0.95
0.94
0.97
0.96
0.97
0.99
1.05
0.96
0.98
1.06
1.06
1.01
1.04
1.01
1.01
1.10
1.15
1.08
1.12
1.13
1.13
1.12
0.99
1.07
1.02
0.95
0.94
0.96
1.01
0.96
1.02
1.01
1.00
1.03
1.13
1.11
1.14
1.22
1.27
1.22
1.29
1.40
1.37
1.57
1.44
1.41
1.67
1.75
1.58
1.66
1.72
1.83
1.69
1.74
1.74
2.01
2.04
2.04
1.94
1.83
1.88
1.95
1.83
2.03
2.01
2.01
1.92
1.95
2.00
1.95
2.10
2.17
2.22
2.06
2.13
1.89
2.12
1.88
2.06
2.12
1.95
1.93
1.96
1.99
2.06
1.97
2.07
2.15
2.09
2.05
1.85
1.90
1.92
1.89
1.87
1.60
1.85
1.85
1.72
1.72
1.65
1.73
1.47
1.45
1.44
1.43
1.43
1.46
1.48
1.35
1.38
1.44
1.41
1.39
1.32
1.32
1.31
1.41
1.44
1.53
1.50
1.51
1.58
1.70
1.64
1.65
1.76
1.67
1.76
1.65
1.55
1.45
1.42
1.51
1.40
1.38
1.40
1.36
1.34
1.27
1.20
1.11
1.14
1.09
1.04
1.05
0.98
0.95
1.02
1.01
0.92
0.92
0.96
0.96
0.86
0.86
0.86
0.94
0.92
0.88
0.92
0.90
0.85
0.88
0.99
0.91
0.89
0.96
0.97
0.93
0.97
0.90
0.93
0.97
1.02
0.98
0.90
0.97
0.98
0.97
0.93
0.95
1.01
0.95
1.05
1.22
1.38
1.45
1.51
1.41
1.38
1.42
1.34
1.37
1.48
1.55
1.48
1.43
1.39
1.51
1.38
1.48
1.56
1.44
1.37
1.35
1.33
1.36
1.33
1.33
1.42
1.43
1.51
1.39
1.39
1.40
1.34
1.34
1.23
1.31
1.23
1.17
1.25
1.17
1.26
1.31
1.32
1.45
1.41
1.55
1.52
1.51
1.38
1.59
1.63
1.54
1.54
1.57
1.52
1.48
1.47
1.40
1.33
1.45
1.30
1.43
1.37
1.35
1.29
1.27
1.46
1.68
1.93
1.78
1.58
1.66
1.67
1.75
1.74
1.91
1.97
2.13
2.22
2.05
1.91
1.75
1.56
1.51
1.50
1.40
1.39
1.40
1.34
1.41
1.30
1.32
1.40
1.22
1.40
1.40
1.26
1.37
1.39
1.35
1.45
1.49
1.42
1.49
1.54
1.41
1.30
1.30
1.24
1.26
1.24
1.29
1.18
1.25
1.28
1.22
1.25
1.20
1.19
1.13
1.11
1.14
1.24
1.13
1.12
1.27
1.19
1.25
1.27
1.20
1.25
1.29
1.52
1.67
1.70
1.73
1.87
1.76
1.79
1.77
1.89
2.06
2.06
2.16
2.01
1.91
1.87
2.18
2.44
2.60
2.74
2.61
2.61
2.60
2.65
2.48
2.47
2.61
2.39
2.60
2.60
2.76
3.06
2.84
2.86
2.63
2.58
2.66
2.35
2.36
2.53
2.50
2.54
2.68
2.72
2.70
2.80
2.75
2.60
2.86
2.72
2.56
2.67
2.52
2.48
2.33
2.19
2.10
2.18
2.16
2.21
2.22
2.02
2.11
2.18
1.94
2.30
2.02
1.81
1.91
1.77
1.80
1.53
1.53
1.47
1.51
1.36
1.44
1.51
1.50
1.58
1.67
1.70
1.67
1.79
1.62
1.58
1.42
1.49
1.46
1.49
1.53
1.42
1.53
1.40
1.44
1.45
1.46
1.41
1.47
1.59
1.61
1.78
2.04
1.81
1.92
1.95
1.88
1.77
1.68
1.62
1.65
1.62
1.69
1.72
1.93
2.27
2.20
2.43
2.46
2.51
2.29
2.10
2.00
2.07
2.16
2.34
2.33
2.32
2.33
2.08
2.25
2.33
2.03
2.05
1.93
1.79
1.82
2.07
2.00
1.98
1.88
1.86
1.93
1.96
2.17
1.94
1.88
1.78
1.96
1.74
1.80
1.74
1.75
1.72
1.59
1.69
1.72
1.63
1.81
1.77
1.85
1.90
1.88
1.79
1.91
1.71
1.81
1.61
1.66
1.58
1.48
1.45
1.55
1.41
1.37
1.32
1.27
1.31
1.30
1.33
1.39
1.38
1.37
1.41
1.51
1.45
1.42
1.33
1.38
1.31
1.40
1.45
1.41
1.44
1.47
1.43
1.44
1.50
1.47
1.62
1.43
1.64
1.62
1.70
1.85
1.93
2.03
1.91
1.84
1.92
1.84
1.94
1.92
1.92
1.91
2.08
1.76
1.77
1.63
1.64
1.63
1.51
1.56
1.61
1.62
1.55
1.66
1.69
1.74
1.69
1.73
1.83
1.79
1.98
1.92
1.91
1.93
1.93
1.93
1.95
2.04
2.06
2.05
1.92
1.98
2.21
2.01
1.95
2.08
2.01
1.97
1.84
1.96
2.21
2.16
2.04
1.92
1.92
2.02
1.87
1.91
1.90
1.73
1.63
1.61
1.66
1.53
1.75
1.88
1.77
1.68
1.66
1.85
1.98
1.87
1.92
1.85
1.71
1.68
1.59
1.55
1.54
1.49
1.39
1.49
1.54
1.61
1.58
1.67
1.75
1.64
1.76
1.59
1.68
1.70
1.62
1.85
1.68
1.76
1.85
1.82
1.94
1.78
1.73
1.88
1.96
1.86
1.70
1.72
1.61
1.49
1.45
1.37
1.50
1.39
1.41
1.33
1.53
1.40
1.38
1.29
1.39
1.37
1.33
1.37
1.36
1.54
1.34
1.21
1.30
1.47
1.36
1.53
1.28
1.60
1.63
1.76
1.57
1.66
1.65
1.59
1.58
1.66
1.64
1.43
1.47
1.42
1.55
1.27
1.42
1.30
1.43
1.39
1.33
1.33
1.48
1.43
1.58
1.54
1.59
1.54
1.46
1.63
1.51
1.56
1.35
1.58
1.46
1.38
1.44
1.51
1.33
1.42
1.51
1.32
1.43
1.39
1.42
1.31
1.57
1.41
1.54
1.27
1.41
1.46
1.71
1.67
1.52
1.45
1.55
1.52
1.44
1.37
1.44
1.41
1.37
1.37
1.44
1.30
1.28
1.21
1.42
1.54
1.58
1.51
1.44
1.27
1.44
1.34
1.47
1.17
1.40
1.41
1.13
1.02
1.17
1.06
1.17
1.13
1.13
1.04
1.09
1.13
1.02
1.10
0.97
0.96
1.07
1.07
1.06
0.98
1.02
1.07
1.05
0.99
0.93
0.90
1.06
0.91
0.91
0.95
0.90
0.96
0.88
0.92
0.93
0.90
0.85
0.78
0.80
0.88
0.86
0.91
0.91
0.87
0.89
0.82
0.84
0.85
0.83
0.87
0.84
0.90
0.91
0.88
0.93
0.97
1.06
1.07
1.04
1.12
1.04
1.12
1.04
1.04
1.06
1.12
1.15
1.29
1.12
1.17
1.17
1.17
1.26
1.26
1.25
1.19
1.08
1.21
1.10
1.14
1.14
1.00
0.94
0.97
0.96
1.00
0.98
1.01
0.93
1.04
1.06
1.07
1.15
1.18
1.12
1.13
1.06
0.97
1.01
0.96
1.04
1.05
1.06
1.05
1.10
1.10
1.10
1.00
1.03
1.02
1.01
0.96
0.96
1.06
1.13
1.05
1.09
1.09
1.09
1.19
1.26
1.31
1.40
1.52
1.44
1.49
1.46
1.35
1.30
1.29
1.22
1.16
1.15
1.18
1.22
1.27
1.33
1.30
1.30
1.27
1.44
1.55
1.41
1.39
1.45
1.42
1.27
1.19
1.28
1.14
1.18
1.25
1.08
1.00
1.13
1.05
0.99
0.97
1.02
1.02
1.00
1.03
0.98
1.00
0.92
0.93
0.99
0.89
0.96
0.91
0.96
0.99
0.93
0.94
0.85
0.90
0.79
0.88
0.87
0.88
1.01
0.96
1.02
1.01
1.06
1.00
1.00
1.03
1.06
1.01
1.10
1.16
1.23
1.27
1.33
1.04
1.01
0.99
0.95
0.99
0.89
0.88
0.91
0.85
0.83
0.80
0.84
0.84
0.89
0.75
0.87
0.86
0.88
0.94
0.90
0.96
0.94
0.89
0.96
0.97
0.97
0.96
1.02
1.05
0.95
1.05
0.98
0.97
0.97
1.05
1.01
1.03
0.96
1.09
1.04
1.09
1.05
1.06
1.06
1.05
0.95
1.04
1.00
0.96
0.99
0.99
0.99
1.10
1.00
1.01
0.93
0.98
1.05
0.94
0.99
0.96
0.96
0.94
0.94
0.96
0.92
0.95
0.93
0.96
1.00
0.90
0.99
0.85
0.94
1.00
0.97
1.05
0.99
1.03
1.02
1.03
1.01
1.01
1.02
1.01
1.01
1.07
1.06
1.09
1.26
1.26
1.28
1.37
1.37
1.54
1.64
1.62
1.81
1.75
1.83
1.79
1.88
1.84
2.00
1.90
2.08
2.04
2.03
2.00
2.11
1.93
1.90
1.79
2.01
1.98
1.80
1.84
1.84
1.84
1.88
1.87
1.72
1.92
1.93
1.95
2.09
2.22
2.22
2.22
2.37
2.54
2.51
2.64
2.67
2.42
2.33
2.40
2.28
2.18
2.06
1.89
1.84
1.97
2.07
2.10
2.34
2.44
2.56
2.89
3.14
2.68
3.00
3.10
2.74
2.83
2.85
2.92
2.55
2.69
2.74
2.16
2.11
1.89
1.96
2.01
2.02
1.90
1.94
2.01
1.88
1.94
1.81
2.09
1.65
1.87
1.72
1.73
1.59
1.53
1.49
1.69
1.51
1.53
1.46
1.29
1.38
1.32
1.47
1.45
1.37
1.39
1.46
1.28
1.40
1.48
1.33
1.33
1.41
1.41
1.43
1.29
1.35
1.25
1.14
1.11
0.99
1.08
1.11
1.04
1.12
1.15
1.09
1.10
1.09
1.10
1.07
0.99
1.09
1.07
0.91
0.95
0.92
0.85
0.87
0.82
0.90
0.91
0.94
0.88
0.96
0.90
0.86
0.88
0.76
0.79
0.77
0.67
0.70
0.71
0.66
0.69
0.71
0.71
0.71
0.73
0.71
0.71
0.67
0.67
0.64
0.67
0.67
0.70
0.65
0.56
0.62
0.58
0.62
0.59
0.59
0.57
0.50
0.53
0.52
0.53
0.50
0.53
0.55
0.55
0.59
0.63
0.65
0.69
0.92
0.90
0.90
0.91
0.94
1.03
1.13
1.20
1.19
1.28
1.38
1.55
1.55
1.51
1.57
1.48
1.62
1.62
1.73
1.53
1.47
1.61
1.65
1.79
1.87
1.99
1.98
2.16
2.16
2.24
2.40
2.41
2.47
2.38
2.56
2.59
2.43
2.92
2.77
2.45
2.69
2.72
2.49
2.25
2.12
1.94
1.78
1.90
1.80
1.58
1.58
1.64
1.86
1.79
1.68
1.78
1.61
1.58
1.48
1.41
1.46
1.45
1.41
1.33
1.37
1.32
1.30
1.36
1.45
1.21
1.25
1.25
1.09
1.17
1.11
1.31
1.17
1.09
1.25
1.28
1.18
1.19
1.18
1.24
1.27
1.29
1.17
1.22
1.26
1.21
1.35
1.44
1.31
1.50
1.38
1.53
1.54
1.50
1.42
1.66
1.40
1.42
1.45
1.32
1.38
1.41
1.31
1.28
1.21
1.31
1.18
1.17
1.26
1.24
1.35
1.32
1.27
1.36
1.35
1.45
1.32
1.43
1.42
1.36
1.27
1.31
1.38
1.34
1.26
1.30
1.26
1.23
1.28
1.30
1.32
1.26
1.35
1.36
1.33
1.33
1.28
1.32
1.39
1.33
1.38
1.41
1.30
1.36
1.41
1.42
1.49
1.43
1.49
1.48
1.53
1.37
1.54
1.46
1.55
1.38
1.49
1.45
1.47
1.45
1.53
1.46
1.67
1.54
1.47
1.40
1.46
1.52
1.36
1.46
1.31
1.31
1.29
1.29
1.33
1.24
1.37
1.26
1.44
1.41
1.35
1.47
1.50
1.26
1.30
1.34
1.35
1.31
1.41
1.56
1.34
1.39
1.39
1.30
1.51
1.30
1.27
1.20
1.31
1.23
1.26
1.20
1.30
1.33
1.35
1.40
1.50
1.47
1.20
1.16
1.26
1.20
1.17
1.31
1.22
1.23
1.14
1.21
1.02
1.06
0.98
1.09
1.06
1.06
1.02
1.03
1.10
1.02
0.99
0.91
1.01
0.96
1.00
0.99
1.00
1.07
0.97
0.92
1.00
0.89
0.88
0.87
0.94
0.85
0.85
0.85
0.88
0.90
0.93
0.98
0.88
0.86
0.87
0.93
0.93
0.92
0.85
0.81
0.84
0.83
0.79
0.77
0.78
0.79
0.76
0.74
0.74
0.79
0.88
0.80
0.88
0.88
0.94
1.09
1.11
1.16
1.17
1.20
1.21
1.17
1.16
1.10
1.08
1.05
1.00
1.00
1.04
1.02
1.09
0.97
1.01
1.05
1.06
1.12
1.10
1.18
1.17
1.18
1.25
1.24
1.32
1.25
1.29
1.30
1.12
1.03
1.05
1.08
1.05
1.03
1.08
0.98
1.02
1.00
1.04
0.90
0.91
0.89
1.02
1.04
1.02
1.09
1.06
1.03
1.02
0.98
1.02
0.98
0.93
0.87
0.88
0.85
0.84
0.87
0.81
0.87
0.87
0.91
1.00
0.92
0.92
0.96
0.92
0.90
1.04
1.01
0.94
1.01
1.02
1.02
1.00
1.06
1.01
0.94
1.01
0.99
1.05
1.11
1.24
1.23
1.18
1.29
1.32
1.38
1.44
