38.4629
38.8039
38.8379
38.9401
38.872
38.8039
38.8379
38.872
38.9401
38.9061
38.8039
38.872
39.0082
38.872
38.8039
38.7357
38.8039
38.9061
38.872
38.9061
39.0082
38.7357
38.7357
38.8039
38.9401
38.9401
38.9742
38.9742
39.0422
38.9401
39.0763
38.9742
38.9401
38.8039
38.872
38.9061
38.8039
38.8039
38.8379
38.8039
38.7698
38.8039
38.872
39.0082
38.9061
39.0082
39.0082
39.0082
39.0763
39.0082
39.0082
38.9401
38.9742
39.0082
39.0082
39.0082
39.0082
38.9401
38.9401
39.0082
39.0082
38.872
38.9061
38.8379
38.8039
38.872
38.8039
38.8039
38.8379
38.9401
38.872
38.9401
38.9401
38.9401
38.9401
38.872
38.872
38.872
38.872
38.872
38.8379
38.872
38.8039
38.872
38.9061
38.9401
38.9401
39.0082
39.0763
39.0082
39.0422
39.0422
38.9742
38.9742
38.9742
38.9401
38.9401
38.9401
39.0082
39.1443
39.0763
39.1443
39.0763
39.0422
39.0763
39.0763
39.0082
39.0082
39.0763
39.0082
39.0082
39.0082
39.0082
39.0082
39.0082
39.0082
39.0763
39.1443
39.0763
39.0763
39.1103
39.1443
39.0763
39.0763
39.0082
39.0763
39.0422
39.0763
39.0082
38.9742
39.1443
39.1443
39.1443
39.0763
39.1443
39.1443
39.0422
39.1443
39.1443
39.0763
39.0763
39.0082
39.0422
39.0763
39.0422
39.0082
39.0763
39.0422
39.0763
39.0422
39.1103
39.1103
39.0763
39.0082
39.0422
39.0763
39.0082
39.0082
39.0082
39.0082
39.0082
39.1103
39.1443
39.1103
39.1443
39.2123
39.2123
39.1103
39.0763
39.0082
39.0422
39.0422
39.0763
39.1103
39.1103
39.1443
39.1103
39.0763
39.0763
39.0422
39.0763
39.0763
39.0763
39.1103
39.1103
39.0763
39.0422
39.0422
39.0422
39.1103
39.1443
39.1443
39.1443
39.1443
39.1443
39.1103
39.1783
39.1103
39.1103
39.1783
39.1103
39.1443
39.1103
39.1103
39.1443
39.1443
39.1443
39.1443
39.2123
39.2463
39.2123
39.2123
39.1783
39.1783
39.1783
39.1443
39.1443
39.1443
39.0763
39.2123
39.2123
39.2123
39.2123
39.2123
39.2123
39.1783
39.2123
39.1443
39.2123
39.2803
39.2123
39.2463
39.2123
39.2463
39.1783
39.2123
39.1443
39.1443
39.1783
39.3483
39.3143
39.3143
39.2803
39.3823
39.2803
39.2803
39.3143
39.2803
39.2803
39.3483
39.2463
39.2803
39.2463
39.2463
39.2123
39.2123
39.3483
39.4502
39.2803
39.2803
39.2803
39.2803
39.3143
39.2123
39.1443
38.872
38.8379
38.8379
38.7698
38.7357
38.7357
38.7357
38.7357
38.7698
38.6675
38.6675
38.6334
38.5993
38.6675
38.5993
38.6675
38.6334
38.5993
38.5311
38.5652
38.5311
38.5311
38.3946
38.3263
38.1897
38.0529
37.9161
37.7792
37.8477
37.7107
37.5394
37.4022
37.3336
37.2993
37.2993
37.2307
37.162
37.2307
36.7839
36.7495
36.7151
36.6118
36.543
36.4741
36.4052
36.2673
36.3018
36.1983
36.1293
36.0603
35.9221
35.7839
35.6802
35.7148
35.5764
35.3687
35.2995
35.2648
34.8834
34.8834
34.536
34.3969
34.3273
34.188
34.188
34.1184
34.0139
33.9093
33.8047
33.4206
33.4206
33.3507
33.3158
33.2808
33.2808
33.2458
33.3507
33.2808
33.2808
33.2108
33.0709
33.0709
33.0009
33.0359
33.0009
32.8608
32.8958
32.8608
32.8257
32.7557
32.6855
32.5803
32.5452
32.5102
32.44
32.4049
32.3698
32.3346
32.2995
32.4049
32.44
32.4049
32.3698
32.3346
32.2644
32.2293
32.1941
32.0887
31.948
31.948
31.8776
32.0183
31.8072
31.8072
31.7368
31.948
31.8072
31.7368
31.6664
31.5959
31.6312
31.6664
31.7368
31.6664
31.7368
31.7016
31.6312
31.5254
31.5254
31.3844
31.4197
31.4549
31.3139
31.3139
31.3139
31.3844
31.3139
31.1374
31.1374
31.1021
31.0314
31.0667
31.1727
30.9608
30.8901
30.8547
30.8901
30.7486
30.6779
30.6779
30.6779
30.6779
30.6071
30.6071
30.5717
30.5363
30.5363
30.4655
30.4655
30.4301
30.3947
30.3947
30.3947
30.3947
30.3947
30.3947
30.3238
30.2529
30.2529
30.1465
30.182
30.3238
30.2529
30.1111
29.8981
30.0401
30.1111
30.1111
30.2175
30.1111
30.0401
30.0401
30.0046
30.0046
30.0401
30.182
30.0401
30.3238
30.2884
30.0401
30.0401
29.9691
29.9691
29.8981
29.9691
30.0046
30.0401
30.2884
30.3238
30.2175
30.3592
30.2529
30.6071
30.4655
30.5363
30.5009
30.6071
30.6779
30.8194
30.6779
30.7486
30.6071
30.6071
30.6779
30.5363
30.5717
30.6071
30.6071
30.6779
30.6071
30.6779
30.6071
30.5363
30.5363
30.4655
30.5363
30.3238
30.2529
30.2529
30.182
30.182
30.182
30.182
30.2529
30.2529
30.2529
30.2175
30.3947
30.3947
30.3947
30.5009
30.4655
30.4655
30.6779
30.5363
30.4655
30.4301
30.4655
30.3947
30.5363
30.3947
30.3238
30.3238
30.2529
30.182
30.3238
30.2529
30.2529
30.2529
30.3238
30.5363
30.5363
30.4655
30.5363
30.5363
30.5363
30.4655
30.4655
30.4655
30.5009
30.3947
30.3947
30.3238
30.3238
30.3238
30.3947
30.5363
30.5363
30.5009
30.5363
30.4655
30.4655
30.7486
30.5363
30.6071
30.5717
30.6779
30.784
30.7133
30.6071
30.5009
30.4655
30.6779
30.5363
30.5363
30.784
30.8194
30.6779
30.6425
30.5363
30.5363
30.5363
30.5363
30.4655
30.5363
30.4655
30.4301
30.5363
30.5363
30.6779
30.6425
30.6779
30.6779
30.6071
30.6071
30.6779
30.5363
30.3947
30.3238
30.3947
30.3947
30.3592
30.3238
30.182
30.1465
30.3947
30.3947
30.4655
30.6779
30.6779
30.6779
30.7133
30.6071
30.6071
30.5009
30.4655
30.6071
30.8901
30.5363
30.3238
30.5363
30.784
30.8901
30.9608
30.7486
30.6071
30.8194
30.4301
30.3947
30.2529
30.2529
30.2529
30.5363
30.8901
31.5959
30.9961
31.1021
31.1727
31.3139
31.5607
31.7368
31.948
31.8072
31.8424
31.8072
31.948
32.0183
32.2293
32.2995
32.1238
31.948
31.948
31.8424
32.2293
32.5102
32.3698
32.0887
31.948
31.948
32.0183
32.2644
32.2293
32.2995
32.1941
32.159
32.2293
32.159
32.2293
32.44
32.5452
32.6505
32.5102
32.2293
32.5102
32.5102
32.159
32.1238
32.1941
32.3346
32.5803
32.5102
32.2293
32.0887
32.1941
32.0887
32.1238
32.44
32.5803
32.5803
32.6855
32.3698
32.3698
32.2995
32.2995
32.4049
32.5452
32.6154
32.5102
32.4049
32.2995
32.3698
32.3698
32.44
32.44
32.5803
32.7907
32.7907
32.7907
32.7907
32.8257
32.7557
32.7206
32.5803
32.5803
32.6505
32.8608
32.8608
32.7206
32.7907
32.7907
32.7907
32.9308
32.9308
32.9308
33.0009
32.9659
33.0009
32.8958
32.8608
32.8958
32.8608
32.7907
32.8608
32.8608
32.9659
33.1409
33.0709
33.1409
33.2458
33.1409
33.1409
33.2108
33.2458
33.2808
33.2108
33.2808
33.2808
33.3507
33.4905
33.4905
33.4905
33.5254
33.5254
33.5604
33.4905
33.5254
33.4206
33.4905
33.5953
33.6302
33.5604
33.5604
33.5953
33.7
33.7
33.7
33.7
33.7698
33.8396
33.8396
33.9093
33.979
33.979
33.979
33.979
33.979
34.0139
34.0487
34.0487
34.0139
34.0487
34.0139
34.0487
34.0836
34.1184
34.188
34.188
34.2577
34.2229
34.2577
34.2577
34.3273
34.3273
34.3969
34.5012
34.536
34.536
34.536
34.536
34.536
34.536
34.536
34.536
34.536
34.536
34.675
34.675
34.7445
34.7445
34.7792
34.8487
34.8834
34.9181
34.8834
34.9181
34.9181
34.9181
34.8834
34.9181
34.9528
35.0222
35.0915
35.2995
35.5072
35.4034
35.5072
35.438
35.4726
35.5072
35.438
35.5072
35.5072
35.4726
35.438
35.438
35.438
35.438
35.438
35.438
35.438
35.438
35.5072
35.5072
35.5764
35.5764
35.5764
35.6456
35.6456
35.6456
35.7148
35.7839
35.853
35.9221
35.8876
35.9221
35.9912
35.9567
35.9912
36.0603
36.0603
36.0603
36.0948
36.1638
36.1983
36.1983
36.1983
36.1983
36.1983
36.1983
36.2328
36.2673
36.5085
36.6807
36.6118
36.4741
36.4052
36.3707
36.4741
36.5085
36.4741
36.5085
36.6118
36.5774
36.543
36.6118
36.543
36.543
36.543
36.543
36.6118
36.6118
36.6807
36.543
36.5774
36.6118
36.8183
36.6807
36.8183
36.7839
36.7495
36.6463
36.6463
36.6807
36.7495
36.8183
36.8183
36.8871
36.8527
36.8183
36.8183
36.8183
36.7495
36.7839
36.8183
36.8183
36.8183
36.8183
36.8183
36.8871
36.7839
36.9559
36.9559
36.9559
36.9902
37.0246
37.0933
37.0933
37.0933
37.1277
37.0246
37.1963
37.162
37.162
37.1963
37.2307
37.2307
37.2307
37.162
37.162
37.0933
37.162
37.0933
37.1277
37.162
37.162
37.162
37.162
37.2307
37.2993
37.2307
37.2307
37.2993
37.3679
37.3679
37.3679
37.3679
37.3336
37.2993
37.3679
37.2993
37.4365
37.4365
37.3679
37.3679
37.3679
37.4022
37.3679
37.4365
37.3679
37.3679
37.3679
37.3679
37.3679
37.3679
37.3679
37.4365
37.4365
37.4708
37.5051
37.5051
37.5737
37.5737
37.6079
37.5737
37.5737
37.6079
37.6422
37.5737
37.5737
37.6422
37.6765
37.5737
37.6765
37.5737
37.6422
37.6765
37.6422
37.6422
37.6422
37.6079
37.5737
37.5737
37.6422
37.8477
37.8477
37.8477
37.8134
37.8477
37.8134
37.8477
37.9161
37.9161
37.9161
37.8477
37.8477
37.8819
37.9161
37.9161
37.9161
37.9161
37.9161
37.9503
37.9161
37.8819
37.8477
37.8477
37.8819
37.9161
37.9161
37.9503
37.9845
37.9845
37.9845
38.0187
38.0529
38.1213
38.0871
38.1213
38.0871
38.0529
38.1213
38.1213
38.0871
38.1213
38.1213
38.1213
38.0529
38.0871
38.0529
38.0529
38.0871
38.0529
38.1213
38.1213
38.0529
38.0529
38.0871
37.9845
38.0529
37.9845
38.1555
37.9845
37.9845
38.0871
38.258
38.1213
38.1213
38.1897
38.1897
38.258
38.2922
38.258
38.258
38.2922
38.258
38.3263
38.258
38.2922
38.1555
38.258
38.2239
38.2239
38.258
38.258
38.3263
38.258
38.1897
38.258
38.1213
38.2239
38.258
38.258
38.3605
38.3946
38.3946
38.3946
38.3946
38.3946
38.4287
38.4629
38.4287
38.4629
38.497
38.6675
38.6334
38.6675
38.5993
38.5652
38.5311
38.4629
38.3605
38.3946
38.4629
38.5652
38.5311
38.4629
38.4629
38.5311
38.5311
38.4629
38.497
38.4629
38.4629
38.4287
38.3946
38.4287
38.5311
38.497
38.5311
38.5311
38.497
38.5311
38.5311
38.5311
38.5311
38.4629
38.4629
38.3946
38.3946
38.3946
38.4629
38.4629
38.3946
38.3946
38.3605
38.4287
38.4287
38.3946
38.4287
38.4629
38.5311
38.5311
38.5311
38.6675
38.5311
38.5311
38.5311
38.5993
38.5652
38.5652
38.5993
38.5993
38.5311
38.5652
38.5652
38.5311
38.497
38.5311
38.5311
38.5993
38.5311
38.5311
38.5311
38.5311
38.7357
38.5993
38.7698
38.6675
38.7357
38.6334
38.6675
38.7698
38.6675
38.5993
38.7357
38.6675
38.6334
38.6675
38.7357
38.6334
38.6675
38.6675
38.6334
38.5993
38.6675
38.6334
38.5993
38.5993
38.5993
38.7357
38.7016
38.7698
38.7357
38.9401
38.7698
38.7698
38.7357
38.8039
38.8039
38.7357
38.7698
38.7698
38.8039
38.7698
38.7698
38.8039
38.7357
38.6675
38.6675
38.6675
38.7357
38.7016
38.6675
38.7357
38.8039
38.8039
38.8039
38.7698
38.7357
38.8379
38.7698
38.7357
38.7016
38.7357
38.7357
38.7357
38.6675
38.7357
38.7357
38.7357
38.8039
38.8039
38.9061
38.8039
38.8379
38.872
38.9401
38.8379
38.8039
38.8379
38.8039
38.8379
38.8379
39.0082
39.0082
38.872
38.9401
38.872
38.9401
38.9401
38.8039
38.8039
38.8039
38.8039
38.7357
38.6675
38.7357
38.7357
38.7357
38.8039
38.7357
38.8039
38.7698
38.9061
38.9401
38.872
38.9401
38.872
38.9401
38.9061
38.872
38.872
38.9061
38.8039
38.872
38.8039
38.8039
38.8379
38.8039
38.8039
38.7698
38.7357
38.8379
38.872
38.8039
38.872
39.0082
39.0082
39.0763
39.1103
39.0082
39.0082
39.0082
39.0422
39.0082
38.9401
38.9742
38.9742
38.9061
38.9061
38.872
38.872
38.872
38.872
38.872
38.8039
38.8379
38.872
38.9061
38.9401
38.872
38.9401
39.0082
38.9401
39.0763
39.0082
39.0763
39.0763
39.0763
39.0422
39.0082
38.9742
38.9401
38.9401
38.9401
38.9401
38.9061
38.9401
38.9401
38.9401
39.0082
38.9401
39.0082
38.9061
38.9401
39.0422
39.1443
39.0763
39.1443
39.1443
39.1443
39.1783
39.1103
39.0763
39.1443
39.1783
39.1103
39.1443
39.1443
39.0763
39.0763
39.1443
39.0763
39.0763
39.0082
39.0422
39.0422
39.0082
38.9401
39.0082
38.9742
39.0082
39.0082
38.9401
38.9742
39.0763
39.1443
39.1443
39.1783
39.1443
39.1783
39.1783
39.1443
39.0763
39.1443
39.1443
39.1443
39.1103
39.1103
39.2123
39.2463
39.2463
39.3143
39.2463
39.3143
39.4502
39.4162
39.4162
39.4162
39.4162
39.4162
39.3483
39.4162
39.4162
39.4842
39.4502
39.4842
39.4502
39.4502
39.3483
39.4162
39.4502
39.3483
39.3483
39.3483
39.3483
39.3483
39.4162
39.4842
39.4842
39.4842
39.5521
39.586
39.5521
39.586
39.5521
39.586
39.62
39.62
39.6539
39.6539
39.6878
39.62
39.62
39.62
39.586
39.5521
39.586
39.5521
39.62
39.6539
39.7217
39.6878
39.7557
39.7557
39.8235
39.7896
39.8574
39.8913
39.8913
39.8235
39.8235
39.8235
39.8913
39.8235
39.8574
39.7557
39.7896
39.8235
39.8235
39.8913
39.8913
39.9252
39.8913
39.9929
40.0268
40.0945
40.1284
40.1284
40.0945
40.1622
40.0945
40.0945
40.0945
40.0945
40.0945
40.0607
40.0945
40.0945
40.0945
40.0607
40.0607
40.0268
40.0268
40.0607
40.0945
40.0268
40.1284
40.1622
40.0945
40.2299
40.1622
40.2299
40.1961
40.2638
40.2976
40.2299
40.2976
40.2976
40.2299
40.2299
40.2299
40.2299
40.2299
40.2299
40.2638
40.2299
40.2299
40.2299
40.2299
40.2299
40.2638
40.2299
40.2299
40.2638
40.2638
40.2976
40.2976
40.3652
40.3652
40.3314
40.2976
40.3314
40.4328
40.4666
40.4666
40.4328
40.399
40.4328
40.4328
40.5004
40.568
40.5342
40.568
40.568
40.568
40.5342
40.568
40.568
40.568
40.568
40.568
40.568
40.568
40.568
40.5004
40.6355
40.6693
40.568
40.7368
40.7706
40.7368
40.7031
40.7706
40.7368
40.7031
40.7706
40.7706
40.7706
40.7706
40.8043
40.8043
40.7706
40.8381
40.8043
40.8043
40.9055
40.8381
40.8718
40.8718
40.8043
40.9055
40.9392
40.973
41.0404
40.9392
40.973
40.973
41.0404
40.973
40.973
40.9392
40.9055
40.973
40.973
40.8718
40.973
40.9392
40.8381
40.8718
40.8381
40.8381
40.9055
40.8718
40.9392
41.0067
40.9392
40.973
41.1078
41.0741
41.0404
41.0404
40.973
41.1078
41.1078
41.1414
41.1078
41.1751
41.1414
41.1751
41.1078
41.1414
41.1078
41.2425
41.2761
41.2761
41.2761
41.2425
41.1078
41.2761
41.2425
41.3771
41.3771
41.3098
41.2425
41.3435
41.3771
41.3771
41.4444
41.3771
41.4444
41.3771
41.4108
41.4108
41.4444
41.3771
41.3771
41.3435
41.3771
41.3098
41.3771
41.3771
41.3098
41.478
41.3771
41.4444
41.4444
41.4444
41.5789
41.6125
41.7133
41.6461
41.7133
41.6461
41.7133
41.6797
41.6461
41.6461
41.6461
41.6461
41.5789
41.5789
41.6797
41.6461
41.6125
41.6125
41.6461
41.7805
41.8476
41.8476
41.9147
41.9147
41.8812
41.9147
41.8812
41.9147
41.9147
41.9147
41.9818
41.9818
41.9818
41.9147
41.8812
41.9147
41.9147
41.8476
41.9147
41.9483
41.8476
41.814
41.8476
41.9818
42.116
42.0489
42.1495
42.0489
42.116
42.0489
42.116
42.183
42.0824
42.116
42.116
42.183
42.0824
42.0489
42.116
42.116
42.0154
42.116
42.116
42.0489
42.1495
42.183
42.183
42.1495
42.2165
42.2165
42.183
42.2835
42.317
42.2835
42.317
42.25
42.384
42.3505
42.317
42.317
42.317
42.3505
42.384
42.384
42.183
42.317
42.317
42.3505
42.317
42.4174
42.384
42.4174
42.5847
42.4844
42.5847
42.5178
42.5847
42.5847
42.5847
42.5847
42.5178
42.5178
42.5513
42.5847
42.5847
42.5178
42.5847
42.5178
42.5513
42.6516
42.5847
42.5847
42.4174
42.7185
42.8187
42.7853
42.7853
42.6516
42.7853
42.7519
42.8187
42.8187
42.8521
42.8521
42.8521
42.7853
42.8187
42.8521
42.7853
42.8187
42.8187
42.8855
42.9189
42.9856
42.9189
42.8521
42.8521
42.8855
42.9856
42.9856
43.0524
43.0524
43.1191
42.9856
42.9856
43.0524
43.0858
42.9856
42.9856
42.9523
42.9856
42.9856
42.9523
43.019
42.9856
43.0524
43.0858
43.1191
43.1525
43.1191
43.1191
43.1858
43.1858
43.2525
43.2191
43.1858
43.1191
43.1191
43.0858
43.0858
43.1191
43.0524
43.1191
43.1191
43.1525
43.1191
43.1858
43.2191
43.3191
43.2191
43.1858
43.1858
43.1858
43.2191
43.2191
43.2191
43.1858
43.2191
43.1858
43.3525
43.3525
43.4191
43.4524
43.3858
43.4524
43.3858
43.4191
43.3858
43.4191
43.4524
43.3525
43.3858
43.3858
43.3191
43.3525
43.3191
43.3191
43.3191
43.3191
43.3858
43.3191
43.3191
43.2858
43.3191
43.3858
43.4191
43.4191
43.4524
43.519
43.5855
43.519
43.5522
43.5522
43.4857
43.4524
43.4524
43.4857
43.4524
43.3858
43.3191
43.3525
43.3191
43.3858
43.4191
43.4524
43.4524
43.4524
43.5855
43.519
43.4524
43.3858
43.4524
43.4191
43.4191
43.3858
43.3191
43.3191
43.3191
43.2191
43.2525
43.1858
43.2525
43.2191
43.3191
43.3525
43.3191
43.3191
43.2525
43.2525
43.1858
43.1858
43.0858
43.0524
43.0524
42.9856
43.0524
42.8521
42.8855
42.8521
42.7853
42.7519
42.7853
42.6516
42.6516
42.685
42.5847
42.6516
42.5847
42.5513
42.4844
42.4509
42.4174
42.317
42.25
42.1495
42.116
42.0489
42.0489
42.1495
42.0154
42.0824
42.1495
42.116
42.116
42.0489
42.0489
41.9483
41.9147
41.9818
41.7805
41.6125
41.5116
41.3771
41.2425
41.1751
41.1078
40.973
40.6355
40.6355
40.3652
40.2299
40.1622
40.0945
39.9591
39.8913
39.6539
39.5521
39.4842
39.4162
39.4502
39.4162
39.2123
39.1443
39.0763
38.9401
38.9061
38.7357
38.7357
38.5311
38.497
38.4629
38.4629
38.4629
38.3946
38.3946
38.3946
38.3605
38.258
38.0871
38.0529
38.0529
38.0187
37.9845
38.0187
37.9845
37.8819
37.9161
37.7792
37.7792
37.7792
37.6422
37.6079
37.6079
37.5737
37.5737
37.6079
37.6422
37.5737
37.6422
37.6422
37.6422
37.5737
37.5737
37.5737
37.5394
37.5737
37.6079
37.6422
37.6422
37.7107
37.7107
37.7792
37.8477
38.0529
38.1213
38.1897
38.1897
38.3263
38.3946
38.4629
38.5311
38.5311
38.7357
38.8039
38.872
39.0082
39.0763
39.1443
39.1783
39.2123
39.2803
39.3143
39.62
39.7557
39.7896
39.7557
39.5521
39.5521
39.5521
39.4162
39.4502
39.3143
39.2803
39.2123
39.1783
39.1443
39.1103
39.0082
39.0082
38.9401
39.0082
38.9401
38.8379
38.872
38.8039
38.7357
38.7698
38.7357
38.6675
38.497
38.3946
38.3946
38.3263
38.258
38.258
38.2239
38.1555
37.9845
38.1897
38.1555
38.0529
37.9845
37.9161
37.8134
37.8134
37.8819
37.8819
37.9161
37.9503
37.9503
37.9161
37.9503
37.9161
37.8477
37.7792
37.745
37.745
37.7107
37.7107
37.7107
37.7107
37.6765
37.6765
37.6422
37.8134
37.7792
37.7107
37.7107
37.6765
37.6765
37.7107
37.745
37.7792
37.9161
38.0529
37.9845
37.745
37.7107
37.745
37.7792
37.8477
37.8134
37.8819
37.7792
37.7792
37.7792
37.7792
37.7792
37.7107
37.745
37.8477
37.8134
37.8819
37.745
37.9161
37.8477
37.7792
37.9845
37.7107
37.8477
37.8819
37.8477
37.8477
37.9845
38.0529
37.9845
38.0529
37.9161
37.9161
37.9845
37.9503
37.9503
37.9845
38.1213
38.0529
37.9161
37.8819
38.2922
37.9161
38.0187
38.1213
37.9845
38.1897
38.3946
38.3263
38.3263
38.4629
38.5311
38.5652
38.5311
38.4287
38.7698
38.8039
38.4287
38.3263
38.2922
38.1213
38.258
37.9845
38.1897
38.0529
38.1897
38.0529
38.1897
38.3946
38.3946
38.3263
38.3263
38.258
38.3263
38.1555
38.0871
38.1897
38.0529
38.0187
38.0187
38.3946
38.1213
38.0871
38.1213
38.1555
38.1213
38.1213
38.2239
38.258
38.3605
38.4629
38.4629
38.6334
38.7698
38.7357
38.7698
38.5993
38.7016
38.9061
39.1443
39.0763
39.2803
39.1783
39.1783
39.3483
39.1783
39.1103
39.2123
39.1443
39.3483
39.2803
39.2803
39.2463
39.2803
39.3143
39.3823
39.4502
39.4162
39.4162
39.4162
39.4842
39.3823
39.4162
39.4162
39.4502
39.4162
39.4162
39.4162
39.4162
39.3483
39.3823
39.3823
39.4162
39.4162
39.3483
39.5521
39.5521
39.5521
39.4162
39.3483
39.2803
39.2463
39.2803
39.0422
39.0763
39.2123
39.2463
39.2123
39.0763
39.0763
39.0763
39.1443
39.0422
39.1103
39.1443
39.1443
38.9742
38.9061
39.0763
39.0763
39.0082
39.1103
39.0082
39.0422
38.9061
39.0082
39.0422
39.0763
39.0082
39.0082
39.0422
39.0422
38.9061
38.9061
38.872
38.872
38.7357
38.7357
38.7357
38.7698
38.7357
38.5993
39.1783
38.872
39.0082
38.9742
38.7698
38.9742
38.9401
39.0082
39.0082
39.0082
38.6675
38.8039
38.7698
38.7357
38.6675
38.7357
38.8039
38.7698
38.6675
38.6675
38.6675
38.6334
38.5993
38.5993
38.5652
38.5993
38.3946
38.3946
38.3605
38.258
38.3946
38.2239
38.1213
38.5311
38.3946
38.8039
38.7357
38.5993
38.8039
38.8379
38.5993
38.7357
38.7357
38.8039
38.872
38.872
39.0082
39.0082
38.9742
39.0763
39.1103
39.1443
39.1443
39.2123
39.3143
39.3483
39.4162
39.62
39.6878
39.6878
39.7896
40.0607
39.7217
39.8235
39.5181
39.5181
39.5521
39.3823
39.3483
39.2123
39.1443
39.0082
39.0082
38.8379
38.8039
38.7357
38.7357
38.7016
38.7698
38.8039
38.8379
38.9061
38.9061
38.9401
39.1443
39.1443
39.1443
39.1783
39.62
39.5521
39.7557
39.586
39.5521
39.5521
39.5521
39.6539
39.6878
39.6878
39.7557
39.7557
39.8574
39.9929
39.8913
40.0945
40.0607
40.1961
40.1961
40.3652
40.3652
40.2299
40.2299
40.1284
40.1961
40.1622
40.1622
40.1622
40.1622
40.1622
40.2299
40.4328
40.4328
40.3652
40.4328
40.4328
40.4328
40.399
40.568
-3.91901
40.6355
40.7031
40.7706
40.7031
40.6693
-3.91901
40.7031
40.7706
40.7706
40.9055
40.8381
40.9055
40.973
41.0067
40.973
40.973
41.0741
41.0404
41.0404
41.0741
41.1751
41.2425
41.2088
41.1751
41.1751
41.2088
41.3098
41.2761
41.3098
41.3098
41.3098
41.3435
41.3098
41.3098
41.2761
41.2761
41.2425
41.3098
41.4108
41.3771
41.3771
41.3771
41.3771
41.3771
41.4108
41.4108
41.4108
41.4108
41.4108
41.4108
41.3771
41.3435
41.3771
41.3771
41.3435
41.3098
41.2761
41.2425
41.4444
41.4444
41.478
41.5116
41.3771
41.4108
41.4108
41.6461
41.7133
41.5789
41.5789
41.4108
41.5789
41.5116
41.6461
41.7133
41.6797
41.7469
41.8476
41.9147
41.8476
41.7805
41.6797
41.7133
41.6125
41.6461
41.5789
41.6797
41.5116
41.4444
41.4444
-1.41947
41.3771
41.3771
-0.457683
41.7805
41.7469
41.3771
41.4444
4.77448
41.478
41.4444
41.5453
41.5116
41.5116
41.5116
41.5789
41.6125
41.7805
41.7805
8.67328
7.19833
41.5789
41.5116
41.5116
41.5116
41.5116
41.4444
41.478
41.4444
41.4444
41.5116
41.5116
41.5789
14.9461
41.5789
41.6461
41.6797
41.6461
41.6125
41.6461
41.6461
41.6797
41.6797
41.6797
41.6461
41.6125
41.6461
41.5789
41.6125
41.5116
41.6125
41.6461
41.6461
41.6461
41.6797
41.6461
41.6461
41.6461
41.5789
41.6461
41.5789
41.5789
41.5453
41.5789
41.5789
41.6125
41.6125
41.6125
41.6125
41.6461
41.6461
41.6461
41.6461
41.6461
41.6461
41.6461
41.6461
41.6461
41.6461
41.6461
41.7133
41.7133
41.7133
41.6461
41.6461
41.5789
41.6461
41.7133
41.7469
41.7805
41.6461
41.6797
41.7469
41.7133
41.6797
41.6797
41.7133
41.7133
41.6797
41.6461
41.6461
41.7133
41.7133
41.7133
41.7133
41.7133
41.7133
41.6461
41.6125
41.6461
41.6797
41.6461
41.7133
41.7133
41.7805
41.7805
41.7805
41.7805
41.814
41.7469
41.7805
41.814
41.814
41.814
41.814
41.814
41.814
41.814
41.814
41.7805
41.7469
41.7133
41.7805
41.814
41.8812
41.9147
41.8476
41.8476
41.8476
41.8476
41.8476
41.8476
41.8476
41.8476
41.8476
41.814
41.7805
41.814
41.7805
41.7805
41.7469
41.7133
41.7133
41.7133
41.7133
41.7133
41.7133
41.814
41.7805
41.8476
41.8476
41.814
41.8476
41.8476
41.814
41.814
41.7805
41.7133
41.8476
41.814
41.7469
41.814
41.814
41.8476
41.7133
41.814
41.814
41.8476
41.8476
41.8812
41.8476
41.8476
41.8476
41.9147
41.9147
41.9147
41.9147
41.9147
41.9147
41.9147
41.9147
41.8812
41.9147
41.8812
41.8476
41.8476
41.8476
41.8476
41.7805
41.814
41.8476
41.7805
41.8476
41.8812
41.9483
41.9147
41.9147
41.9147
41.9818
41.9147
41.9483
41.9483
41.9147
41.9147
41.9147
41.9147
41.8812
41.8476
41.8476
41.8476
41.7805
41.814
41.7805
41.8476
41.814
41.9147
41.8476
41.9147
41.9147
41.8812
41.9147
41.9483
41.9147
41.9818
41.9147
41.9483
41.9818
41.9818
41.9818
41.9818
41.9818
41.9483
41.8812
41.8812
41.8812
41.9147
41.9147
41.9147
41.9818
41.9818
41.9483
41.9147
41.9483
42.0154
41.9818
42.0489
42.0154
42.0154
42.0489
42.0489
42.0489
42.0489
42.0154
42.0154
41.9818
41.9818
41.9818
41.9818
41.9147
41.9147
41.9147
41.8812
41.9147
41.9147
41.9147
41.9147
41.9147
41.9147
41.8476
41.8476
41.8812
41.9147
41.9818
41.9483
42.0489
42.0824
42.116
42.0489
42.0489
42.0824
42.0824
42.116
42.0824
42.0489
42.0489
42.0489
42.0489
42.0489
42.0154
41.9818
41.9818
41.9483
42.0154
41.9818
42.0154
41.9818
41.9818
42.0489
42.0489
42.1495
42.183
42.183
42.2165
42.2165
42.183
42.116
42.183
42.1495
42.1495
42.1495
42.116
42.116
42.116
42.0824
42.0824
42.0824
42.0489
42.0154
42.0489
42.0824
42.0824
42.116
42.116
42.116
42.116
42.1495
42.183
42.2165
42.25
42.25
42.317
42.2835
42.25
42.25
42.317
42.25
42.25
42.25
42.2165
42.183
42.183
42.1495
42.116
42.1495
42.116
42.116
42.116
42.116
42.1495
42.1495
42.1495
42.183
42.25
42.25
42.25
42.317
42.25
42.2835
42.25
42.2165
42.25
42.183
42.183
42.183
42.1495
42.116
42.116
42.116
42.1495
42.183
42.116
42.1495
42.183
42.183
42.2165
42.317
42.317
42.317
42.2835
42.3505
42.384
42.317
42.317
42.3505
42.3505
42.3505
42.384
42.3505
42.3505
42.3505
42.3505
42.317
42.2835
42.25
42.25
42.2835
42.25
42.25
42.317
42.384
42.317
42.317
42.2835
42.3505
42.384
42.317
42.317
42.3505
42.4844
42.4509
42.4509
42.4509
42.5178
42.384
42.4509
42.5178
42.4509
42.4509
42.4174
42.4509
42.4509
42.3505
42.384
42.384
42.384
42.384
42.4509
42.5178
42.5513
42.5513
42.5847
42.5847
42.5847
42.5847
42.5847
42.5513
42.5178
42.5847
42.5847
42.5847
42.5847
42.5513
42.5178
42.5847
42.5847
42.5178
42.4844
42.5513
42.5178
42.5178
42.5847
42.5847
42.5847
42.5847
42.5847
42.6516
42.7519
42.685
42.7185
42.7185
42.7185
42.7853
42.7185
42.7185
42.7185
42.685
42.6182
42.6516
42.6516
42.7185
42.685
42.685
42.6516
42.7185
42.7185
42.6516
42.6516
42.6516
42.5847
42.5847
42.6516
42.6516
42.7185
42.7519
42.7519
42.7853
42.8521
42.8521
42.8521
42.8521
42.7853
42.7853
42.8521
42.8855
42.7853
42.7185
42.8187
42.8521
42.8187
42.8187
42.8855
42.8521
42.8855
42.8521
42.9856
43.019
43.0524
43.019
42.9856
42.9856
43.0858
43.0524
43.0524
42.9856
43.019
43.019
43.0858
43.019
42.9523
42.9189
42.9189
42.9523
42.9856
42.9856
42.9189
42.9189
42.9856
42.9856
43.019
42.9856
43.019
43.0524
43.0524
43.0858
43.1191
43.0858
43.0524
42.9856
42.9189
43.0858
43.0524
43.0858
43.0524
43.1191
43.1191
43.0858
43.1191
43.0524
43.1525
43.1858
43.2525
43.2525
43.2858
43.3858
43.3525
43.3525
43.2191
43.2858
43.3191
43.3858
43.3858
43.3525
43.4524
43.4524
43.519
43.519
43.3858
43.5855
43.5522
43.5522
43.6521
43.5855
43.5855
43.5855
43.6188
43.5855
43.6188
43.5855
43.5855
43.6521
43.519
43.5855
43.519
43.5855
43.5855
43.6188
43.5855
43.5522
43.6188
43.6853
43.6188
43.6521
43.7186
43.7851
43.8183
43.8515
43.8515
43.8515
43.8848
43.918
43.918
43.8515
43.8515
43.918
43.7186
43.7851
43.7186
43.7186
43.8183
43.8515
43.8515
43.8515
43.918
43.9844
43.9844
43.9844
44.084
43.9844
44.0508
44.1504
44.1172
44.1504
44.1172
44.1504
44.1836
44.084
44.084
44.1172
44.084
44.1172
44.084
44.084
44.2168
44.1504
44.3162
44.3825
44.3825
44.3825
44.3494
44.3825
44.3162
44.3162
44.3825
44.4157
44.3825
44.3494
44.3825
44.2499
44.2831
44.3162
44.3825
44.4488
44.4157
44.5151
44.4157
44.4819
44.5151
44.5813
44.6475
44.5813
44.5151
44.5813
44.5151
44.5151
44.5151
44.4488
44.4819
44.4488
44.5151
44.4488
44.5813
44.5813
44.5813
44.5813
44.7137
44.7798
44.7137
44.7137
44.7137
44.6475
44.6806
44.6475
44.5813
44.4819
44.4819
44.4488
44.5482
44.5482
44.5813
44.5482
44.5813
44.6144
44.6144
44.5151
44.6475
44.7137
44.7137
44.7798
44.7137
44.7137
44.7137
44.6806
44.6475
44.6475
44.6806
44.6475
44.6475
44.6144
44.6144
44.6144
44.5813
44.5813
44.4488
44.5151
44.5813
44.5482
44.6475
44.6806
44.7798
44.7467
44.7137
44.7467
44.6806
44.6806
44.6806
44.6475
44.6475
44.6475
44.5813
44.5813
44.5813
44.5151
44.5813
44.5482
44.5813
44.5813
44.5482
44.7137
44.7467
44.7798
44.7798
44.846
44.846
44.846
44.7798
44.7798
44.7137
44.6475
44.6806
44.6806
44.7137
44.7137
44.6806
44.6144
44.6475
44.6144
44.5813
44.5813
44.6144
44.6806
44.6806
44.7137
44.6806
44.7137
44.7137
44.6806
44.7137
44.7137
44.7137
44.7467
44.6806
44.6806
44.6806
44.7137
44.6806
44.7137
44.6475
44.6806
44.6144
44.6144
44.6475
44.6475
44.6806
44.6475
44.7467
44.7798
44.8129
44.846
44.879
44.879
44.879
44.9451
44.9451
44.9121
44.846
44.846
44.8129
44.7798
44.846
44.8129
44.7798
44.7467
44.9121
44.9782
44.9451
44.9782
45.0112
45.0112
44.9782
44.9451
44.9451
44.9121
44.9121
44.9121
44.9451
44.9782
44.9121
44.846
44.9121
44.9121
44.9121
44.9121
44.879
44.846
44.9782
45.0112
44.9782
45.0442
45.1103
45.1103
45.1103
45.0773
45.0773
45.0773
45.0442
45.0442
44.9782
44.9782
44.9782
44.879
44.9121
44.9121
44.9782
44.846
45.0112
44.9782
45.0773
45.0442
45.0442
45.1433
45.1103
45.1103
45.1103
45.1763
45.2093
45.1763
45.0442
45.0442
44.9121
44.846
44.846
44.9121
45.1103
45.2423
45.1763
45.1433
45.2423
45.1763
45.1103
45.0773
45.0773
45.0442
45.0773
45.1103
45.1433
45.1103
45.1763
45.0112
45.2423
45.4402
45.4402
45.5061
45.5061
45.4732
45.5391
45.5061
45.572
45.5391
45.5391
45.5391
45.5391
45.5061
45.5061
45.5391
45.6049
45.6708
45.7037
45.7037
45.7366
45.7695
45.8353
45.8353
45.8353
45.8353
45.8353
45.8682
45.8024
45.7695
45.8024
45.8353
45.8353
45.7695
45.7695
45.7695
45.7695
45.7695
45.9011
45.9011
46.0326
46.0326
46.0655
46.0655
46.0655
46.0655
46.0655
46.0983
46.0655
46.0655
46.0655
46.0655
46.0655
46.0655
46.0655
46.0655
46.0655
46.0655
46.0655
46.0655
46.0655
46.0655
46.0655
46.0655
46.0983
46.164
46.2297
46.2953
46.2625
46.2953
46.2953
46.3281
46.3281
46.2953
46.2625
46.2297
46.2953
46.2953
46.3609
46.3609
46.3281
46.3609
46.2625
46.2953
46.2953
46.3609
46.3281
46.3937
46.4265
46.3937
46.4265
46.4921
46.5249
46.4593
46.5905
46.5577
46.5249
46.4921
46.4921
46.4921
46.4593
46.4265
46.3609
46.3281
46.2625
46.2625
46.2953
46.2953
46.3281
46.3609
46.4921
46.4921
46.5577
46.6232
46.656
46.656
46.5905
46.5577
46.5905
46.5577
46.5577
46.5905
46.6232
46.6232
46.5577
46.5577
46.5577
46.5577
46.5577
46.5577
46.4921
46.5249
45.6379
43.918
42.4174
42.116
41.5453
41.1414
40.9392
40.7031
40.5004
40.0268
39.6539
39.5181
39.4502
39.4162
39.4502
39.3483
39.5521
39.4842
39.4162
39.3483
39.3483
39.3483
39.0763
39.0082
39.1783
39.0763
39.0082
39.0422
38.9401
39.0082
38.9401
38.9401
38.9061
38.9061
39.0082
39.0763
39.0763
39.1443
39.0763
39.0763
39.0763
39.0082
38.9401
38.8039
38.8039
38.9061
39.1103
39.1783
39.0763
38.9742
38.9401
38.9401
38.8039
38.7357
38.7357
38.7357
38.7357
38.872
38.9401
39.0763
38.9401
38.9401
38.9061
38.8379
38.8379
38.7698
38.7698
38.9061
38.9401
38.9401
39.2123
39.3483
39.5521
39.5521
39.3483
39.3143
38.9401
38.9401
39.1783
38.9401
38.9061
39.0082
39.0763
38.9401
38.9061
38.9742
38.9401
39.0082
39.0763
39.2803
39.2123
39.2123
39.0763
38.9742
39.0082
39.0422
39.0082
38.9742
38.9742
38.9742
38.872
38.872
38.7357
38.7698
38.9401
38.872
38.9742
39.2123
39.3143
39.4162
39.4162
39.3483
39.3143
39.3143
39.3483
39.2803
39.2803
39.2123
39.2463
39.0082
39.0763
39.0422
39.1443
39.2123
39.1783
39.3143
39.3483
39.3143
39.2123
39.2463
39.2123
39.2803
39.4842
39.5181
39.4502
39.3823
39.4502
39.3483
39.2123
39.2803
39.2123
39.2123
39.1443
39.0763
38.9401
38.9401
39.0082
38.9401
38.9061
38.9742
39.1443
39.2803
39.4162
39.4162
39.4162
39.3823
39.3823
39.3823
39.3823
39.3823
39.2803
39.2803
39.0763
39.1443
39.0082
38.9401
38.9401
39.1443
39.1443
39.0763
39.1103
39.1103
39.1443
39.1783
39.0763
38.9401
39.0763
39.0763
39.0082
38.9742
38.9742
39.1443
39.2123
39.1443
39.2123
39.2803
39.2803
39.3143
39.2803
39.3823
39.3823
39.3483
39.2463
39.2463
38.9742
38.9401
38.8039
38.6675
38.7016
38.7357
38.5652
38.5311
38.497
38.4629
38.497
38.6675
38.8039
38.9401
38.9401
38.9061
38.8379
38.8379
38.7357
38.7016
38.7357
38.6675
38.5993
38.5311
38.497
38.5311
38.5311
38.5311
38.4629
38.4287
38.3946
38.3946
38.5311
38.7357
38.7357
38.7016
38.5993
38.6334
38.5993
38.5652
38.5311
38.5311
38.4629
38.3946
38.3263
38.258
38.2239
38.1897
38.0529
38.0187
38.0529
38.0529
38.1897
38.1897
38.2922
38.258
38.3946
38.4287
38.3263
38.3263
38.2922
38.1897
38.1213
38.1213
38.0871
38.0871
38.0529
38.0529
37.9845
37.9845
37.9503
37.9845
37.9845
37.9503
37.9161
37.9503
37.9845
37.9503
37.9845
38.0187
38.5311
38.5993
38.6675
38.7357
38.7357
38.8039
38.8379
38.8379
38.872
38.872
38.872
38.9061
38.872
38.8039
38.7357
38.8039
38.8039
38.8039
38.9061
39.0082
38.6334
38.872
38.9742
38.9061
38.5993
38.7357
38.7357
38.6675
38.7357
38.6675
38.6675
38.7357
38.5993
38.7357
38.7357
38.6675
38.8039
38.4629
38.5311
38.4629
38.5311
38.5993
38.7357
38.7357
38.9401
38.7698
38.7357
38.7016
38.6675
38.5652
38.5993
38.4629
38.7016
38.872
38.7357
38.8379
38.9061
38.9401
39.0763
38.9401
38.9742
38.8039
38.8039
38.7016
38.5993
38.7698
38.872
39.0082
38.8379
38.5652
38.3946
38.7357
38.5311
38.3946
38.4629
38.5993
38.7016
38.7698
38.5993
38.5311
38.497
38.5311
38.5993
38.6334
38.4629
38.1897
38.258
38.0187
37.8477
38.1897
38.1897
38.3263
38.6675
38.6675
38.8039
38.9401
39.0422
39.0082
39.0082
38.7357
38.8379
38.7357
38.7016
38.872
38.6675
38.5993
38.258
38.1897
38.1897
38.3946
38.3263
38.258
38.5311
37.9845
37.5051
37.4708
37.9845
37.9161
37.745
37.745
37.6422
37.4365
37.3336
38.1213
37.1277
36.8871
36.6118
37.3679
37.5051
36.8871
36.9559
37.2993
37.2993
37.6422
36.6118
36.6118
36.6118
36.6807
36.6807
36.7839
36.6118
36.2328
36.4052
36.4052
36.3362
36.4741
36.4741
36.4052
36.3707
36.4741
35.9221
35.7148
35.6456
35.5418
35.438
35.7839
35.853
37.0246
36.8183
36.3707
36.2328
35.7494
35.9912
35.9567
35.7839
35.611
35.2648
35.6456
35.5072
35.5764
35.7148
35.4726
35.7148
35.7148
35.5764
35.7148
35.438
35.9221
35.9221
36.5085
35.6456
35.7839
35.9221
35.7148
35.6456
36.0603
36.0603
35.7839
35.7148
35.5764
36.0603
35.8185
36.1983
36.4396
36.6118
36.2673
36.4741
35.7148
35.853
35.3687
35.1609
35.0915
35.2302
35.0915
35.3687
35.9221
35.6456
35.7148
35.7148
35.7148
35.5764
35.4034
35.5418
35.6802
35.5072
35.3687
35.7148
35.7148
35.7494
35.611
35.7494
36.1983
36.0603
35.9912
35.8876
35.853
35.6456
35.438
35.2302
35.2302
35.5764
35.5764
35.8876
35.9567
36.2673
37.0933
37.0933
37.3679
37.9845
38.3946
38.7698
38.8379
39.0082
38.9742
38.7357
38.872
38.872
39.0763
39.3483
39.2803
39.8574
39.9591
39.7557
40.2299
40.399
40.1622
40.0945
38.8039
36.8871
36.8183
36.5085
36.4052
36.2673
36.1983
36.0603
35.611
35.7494
35.7148
35.6802
35.5418
35.5764
35.2995
35.0915
35.1609
35.2302
35.2995
35.3687
35.2995
35.2302
35.3341
34.9528
35.0222
35.0568
34.9181
34.9875
34.8834
35.0222
35.0915
35.0915
34.9528
35.0222
34.8139
34.536
34.7445
34.9528
34.8834
35.2302
35.0915
35.2302
35.1955
35.2302
35.2648
35.2302
35.1262
35.3687
35.438
35.4726
35.0915
35.5072
35.3687
35.1262
35.2302
34.9875
34.9875
35.1262
35.1609
35.0915
35.2302
34.9528
34.7792
34.6055
34.5708
34.675
34.536
34.8834
35.0222
34.7097
35.0915
34.8834
34.9528
35.0915
35.0915
34.9181
35.3687
35.5072
35.7839
35.9221
35.6456
35.2995
35.4034
35.5764
35.4726
35.5072
35.2302
35.0568
34.8834
34.9528
34.8487
34.7445
35.0915
34.9181
34.9181
34.9528
35.1609
35.2995
35.2302
35.2995
35.0222
34.9528
34.9528
34.9528
34.9528
34.9181
34.6055
34.536
34.536
34.536
34.8139
34.675
34.536
34.8139
34.7445
34.6403
34.6403
34.536
34.675
34.8139
34.7445
34.7445
34.8139
34.536
34.3969
34.2577
34.3621
34.0836
34.536
34.4664
34.536
34.536
34.536
34.5708
34.6403
34.7792
35.2302
35.1955
35.0915
34.9528
34.8139
34.7445
34.6403
34.3969
34.536
34.3621
34.2577
34.188
34.0139
33.9442
34.6055
34.7445
34.675
34.4664
34.3969
34.536
34.5708
34.6403
34.7097
34.8139
34.8139
35.1262
35.3687
35.0915
35.2995
35.1262
35.3687
35.3687
34.9181
34.8139
34.9528
34.8139
34.9528
34.8834
34.9528
35.0222
34.8834
34.7792
34.8139
34.7792
34.6055
34.9181
34.9528
34.9528
34.9875
34.9528
34.8139
34.6403
34.6055
34.4664
34.3621
34.2577
34.2577
34.2577
34.2577
34.2925
34.3273
34.536
34.4664
34.536
34.4664
34.675
34.536
34.4664
34.536
34.536
34.536
34.536
34.8139
35.0222
34.9528
34.8487
35.0222
34.9875
34.9528
34.8139
34.7097
34.675
34.8139
34.675
34.536
34.7792
34.7445
34.675
34.6055
34.675
34.675
34.675
34.8487
35.1609
35.0915
35.3341
35.3687
35.3341
35.1955
35.0568
34.8834
34.7445
34.7445
35.7148
35.5418
35.1955
34.9528
34.7445
34.6055
34.536
34.536
34.536
34.675
34.8139
34.675
34.536
34.6055
34.8487
34.8834
34.8139
34.8139
34.8487
34.7445
35.0222
34.8139
34.8139
34.8139
34.8834
34.7792
34.8834
34.9528
34.9181
34.8139
34.8139
34.7445
34.4317
34.3969
34.3273
34.188
33.9442
33.9093
33.979
34.1184
33.979
33.9093
33.8396
33.7349
33.7
34.1184
34.1532
34.188
34.1184
33.979
34.3621
34.2229
34.1184
34.0139
33.979
33.9093
33.9093
33.7698
33.7698
33.7698
34.1184
34.3273
34.2925
33.7
33.6302
33.5604
33.4206
33.3507
33.3158
33.2108
33.0709
32.8608
32.9308
33.0359
32.9659
32.9308
33.0709
33.1409
33.2108
33.0709
33.0359
33.0009
33.0009
32.9308
33.0709
33.1409
33.2108
33.1409
33.2808
33.2808
33.5604
33.4206
33.3857
32.9308
32.7206
32.7206
32.6855
33.2458
33.0359
32.6505
32.7206
32.7907
32.9659
32.9308
33.0709
33.1409
33.2108
33.1409
33.2108
33.2808
33.1409
33.0709
32.7206
32.5102
32.7206
32.5803
32.5803
32.5803
32.5102
32.8608
33.0009
32.8608
32.7907
32.7907
32.7206
32.6855
32.5803
32.5452
32.5803
32.6505
32.7206
32.5803
32.5803
32.5803
32.4751
32.44
32.4049
32.3698
32.2293
32.2644
32.159
32.2995
32.6505
32.7907
33.1409
33.4556
33.2108
33.4905
33.7
33.8047
33.2108
33.0359
32.7206
32.5803
32.44
32.3346
32.8608
33.2108
33.1409
32.8257
32.9308
32.8257
32.7907
32.6505
32.5803
32.6505
32.7206
32.6505
32.5803
32.5803
32.5803
32.5803
33.1409
33.2108
35.4726
35.3687
36.1983
36.3362
36.6807
36.9215
37.0933
37.7107
38.1213
38.3263
38.0529
38.3263
38.3946
38.2922
38.5993
38.6675
38.5993
38.5311
38.7357
38.8379
38.7357
38.6675
39.0082
38.872
38.9061
39.0763
39.2123
39.0082
38.9742
39.0082
39.2123
38.4629
38.7698
38.872
39.5521
39.4162
39.1783
38.872
38.9401
38.8379
39.2123
39.7557
38.9742
39.2123
39.2803
39.6878
39.9252
39.5521
39.4842
39.7557
39.5521
39.4502
39.4502
39.7217
39.2123
39.2123
39.3483
39.3483
39.5181
39.4162
39.3143
39.3823
39.5521
39.3143
39.4842
39.5521
39.4162
39.62
39.2803
39.6539
39.5521
39.4842
39.6878
39.6878
39.7557
40.0268
39.8235
39.8574
40.2299
40.0945
40.1622
39.9591
40.1961
40.0268
41.0067
40.1622
40.0268
40.2299
40.2299
40.2299
40.2976
40.2299
40.2976
40.2299
40.2976
40.0945
39.8913
39.8913
40.0945
40.0268
39.9591
40.1284
39.9591
40.2976
40.0945
40.568
40.4666
40.8718
41.1078
40.9055
40.7706
40.9055
40.568
40.7031
40.4328
40.3652
40.1622
40.1622
40.1622
40.0945
40.2299
40.0945
40.0268
39.9591
39.9591
40.0268
39.9929
40.1622
40.3314
40.0268
39.9929
39.9591
39.9252
39.9591
39.9591
39.9591
40.0945
40.0945
40.1622
40.1284
40.1622
39.9591
39.9929
40.0268
39.9591
39.9929
40.1622
40.1622
40.0945
40.0945
40.0268
39.9591
39.9591
39.9591
39.9591
39.9591
39.9591
39.9591
39.9591
39.9591
39.9929
39.9929
39.9591
39.9591
40.2976
40.2976
40.0945
40.0607
40.0268
40.1284
40.0268
40.1622
40.0945
40.1622
40.0945
40.0607
40.0607
40.0945
40.1284
40.0268
40.3314
40.3652
40.1622
40.2299
40.1961
40.1622
40.1622
40.1284
40.1284
40.1284
40.1622
40.1961
40.1961
40.1622
40.1622
40.0945
40.0268
40.0945
40.1284
40.0945
40.1622
40.1622
40.0945
40.0945
40.1622
40.2976
40.1622
40.1284
40.0945
40.0268
40.0945
40.0945
40.0607
40.0268
40.0945
40.0607
40.2299
40.1622
40.1622
39.9929
40.0268
40.0268
40.0268
40.0268
40.0945
40.0945
40.1284
40.1622
40.1622
40.1622
40.1622
40.1622
40.1622
40.1622
40.2299
40.1622
40.2638
40.2638
40.2976
40.2299
40.2299
40.2299
40.2638
40.2299
40.2299
40.1284
40.0945
40.1622
40.0945
40.1622
40.1622
40.1284
40.1622
40.1622
40.1622
40.1622
40.1284
40.0945
40.0945
40.0945
40.0945
40.0945
40.1622
40.2299
40.1622
40.1961
40.2299
40.2299
40.2299
40.2299
40.2976
40.3652
40.3652
40.3314
40.2976
40.2299
40.2299
40.1961
40.1622
40.1622
40.1622
40.1961
40.1961
40.1961
40.2299
40.2976
40.3314
40.2976
40.2638
40.2638
40.2299
40.2976
40.3314
40.2299
40.1961
40.2299
40.3314
40.3314
40.3314
40.5004
40.4328
40.5004
40.399
40.399
40.4328
40.399
40.3652
40.3652
40.2976
40.2976
40.2976
40.3314
40.2976
40.2976
40.2976
40.2976
40.3314
40.3652
40.3652
40.3314
40.3652
40.399
40.3652
40.2976
40.3652
40.2976
40.3652
40.2976
40.3314
40.3652
40.399
40.3314
40.3652
40.4666
40.5004
40.399
40.3652
40.399
40.3652
40.3652
40.3314
40.2976
40.2976
40.3652
40.3652
40.3652
40.3314
40.3652
40.3652
40.2299
40.2976
40.2299
40.2299
40.2299
40.2638
40.3314
40.2976
40.3314
40.3652
40.4328
40.4328
40.4328
40.5004
40.568
40.5342
40.4666
40.4328
40.4328
40.4328
40.399
40.4328
40.4328
40.5004
40.2976
40.3652
40.2976
40.2638
40.2976
40.2299
40.2976
40.1961
40.2299
40.1961
40.2638
40.2299
40.1961
40.2299
40.2299
40.2638
40.2976
40.2976
40.2976
40.2976
40.2976
40.3652
40.3652
40.2976
40.3652
40.399
40.4666
40.4328
40.2976
40.4666
40.5342
40.4328
40.3652
40.4328
40.5004
40.4328
40.5004
40.5342
40.3314
40.4328
40.3652
40.399
40.3652
40.3652
40.3652
40.3314
40.3652
40.3314
40.399
40.4666
40.4328
40.5004
40.4328
40.5004
40.5004
40.4328
40.4666
40.4328
40.5004
40.568
40.4666
40.4328
40.6355
40.568
40.6018
40.568
40.568
40.5004
40.5342
40.4328
40.4328
40.4666
40.5004
40.4666
40.4328
40.4328
40.4328
40.5004
40.568
40.5004
40.568
40.6355
40.6355
40.7031
40.6355
40.6355
40.7031
40.7031
40.7031
40.7031
40.6355
40.6693
40.6693
40.568
40.5004
40.5004
40.5004
40.5342
40.568
40.6018
40.6355
40.6018
40.7706
40.7706
40.8043
40.7031
40.7031
40.7706
40.8381
40.8718
40.7368
40.7031
40.8718
40.6693
40.6018
40.6018
40.6018
40.6355
40.6355
40.6355
40.6018
40.6018
40.568
40.7031
40.7368
40.7031
40.6355
40.6693
40.7031
40.7031
40.7706
40.7368
40.8043
40.7706
40.8718
40.9055
40.7031
40.8381
40.9055
40.7031
40.7706
40.7368
40.7706
40.7706
40.7031
40.7706
40.7706
40.7706
40.7706
40.7031
40.7031
40.7706
40.7368
40.7706
40.7706
40.7706
40.7031
40.6693
40.6018
40.6693
40.7031
40.7706
40.8381
40.7706
40.7706
40.7706
40.8381
40.7706
40.9055
40.7706
40.9055
40.8381
40.7706
40.7368
40.7031
40.8381
40.7031
40.7706
40.8718
40.7031
40.7031
40.7031
40.7706
40.7031
40.7706
40.7706
40.7706
40.7706
40.9055
40.8381
40.8381
40.7706
40.7706
40.7706
40.7706
40.7706
40.8718
40.8381
40.7706
40.6693
40.8718
40.8043
40.7368
40.6355
40.7031
40.6355
40.7031
40.7031
40.6355
40.6693
40.6355
40.6018
40.6355
40.6693
40.7706
40.6355
40.5004
40.5004
40.5004
40.6355
40.568
40.6355
40.7368
40.7368
40.7031
40.7368
40.5342
40.7031
40.7368
40.7368
40.8381
40.7706
40.7031
40.7031
40.7706
40.7031
40.7031
40.7031
40.7031
40.7706
40.7031
40.7031
40.6693
40.7031
40.7031
40.6693
40.6693
40.7368
40.7031
40.7031
40.7031
40.7031
40.7368
40.7706
40.7031
40.8043
40.9055
40.9392
40.8381
40.8381
40.9055
40.8718
40.8718
40.8043
40.9055
40.8381
40.8381
40.8381
40.8381
40.8381
40.8043
40.7706
40.7706
40.7706
40.7706
40.8043
40.8043
40.7706
40.7706
40.8043
40.8043
40.7706
40.7706
40.7706
40.7706
40.8381
40.8381
40.973
40.8381
40.9055
40.973
40.9392
40.8718
40.9055
40.8381
40.9055
40.9055
40.9055
40.8381
40.8381
40.8381
40.8381
40.8718
40.8718
40.973
41.0067
41.0404
41.0404
41.0404
41.0067
40.9392
41.0741
41.1414
41.0404
41.1078
41.1078
41.0741
41.0404
40.9392
41.0404
41.0741
41.0404
41.0404
41.0404
41.0404
41.1078
41.0741
41.1078
41.1078
41.0404
41.0404
41.0741
41.0404
41.0404
41.1078
41.1414
41.1751
41.1078
41.1751
41.2425
41.2088
41.1751
41.2425
41.1751
41.2088
41.2088
41.2425
41.1751
41.2425
41.1751
41.1078
41.2088
41.1751
41.1414
41.1414
41.1751
41.1078
41.1078
41.1078
41.0404
41.1751
41.1751
41.2088
41.3098
41.3098
41.3098
41.3098
41.3098
41.3771
41.3098
41.3771
41.3098
41.3771
41.3771
41.3771
41.3098
41.3098
41.3771
41.3435
41.3435
41.3098
41.3098
41.3098
41.2761
41.3435
41.3098
41.3098
41.2425
41.2761
41.3098
41.3771
41.3771
41.478
41.478
41.5116
41.5116
41.5116
41.5116
41.5116
41.5116
41.5116
41.5116
41.4444
41.4444
41.4444
41.478
41.4444
41.478
41.478
41.4444
41.4444
41.4444
41.4444
41.5116
41.478
41.4444
41.5116
41.5116
41.5116
41.5116
41.6461
41.7133
41.7133
41.6797
41.6797
41.6461
41.6797
41.5116
41.6461
41.6461
41.6125
41.5789
41.5789
41.5789
41.5789
41.5789
41.5789
41.5116
41.5116
41.5116
41.5789
41.5453
41.5116
41.5116
41.5789
41.5789
41.5453
41.6461
41.5789
41.5789
41.6461
41.5789
41.6461
41.6461
41.6125
41.5789
41.5789
41.6461
41.6461
41.5453
41.5789
41.6125
41.6125
41.6125
41.6461
41.6125
41.6797
41.6461
41.6461
41.6461
41.6461
41.5789
41.5789
41.6125
41.6461
41.7133
41.7469
41.7133
41.8476
41.7805
41.8476
41.7805
41.8476
41.8476
41.8476
41.9147
41.8476
41.9818
41.8476
41.8812
41.8476
41.9147
41.9147
41.9147
41.8476
41.9147
41.8812
41.8812
41.8476
41.8476
41.8812
41.9147
41.9147
41.9483
42.116
42.1495
41.9818
41.9818
42.0489
42.0489
42.0489
42.0489
42.0489
42.0489
42.0154
42.116
42.116
42.116
42.116
42.0489
42.0489
42.0489
42.0489
41.9818
41.9818
41.9483
41.9147
41.9147
41.9147
41.9147
41.9147
41.9147
41.9483
41.9818
42.0154
42.0154
42.0489
42.116
42.0824
42.0154
42.0824
41.9147
42.0154
42.0489
42.0154
42.0489
42.0489
41.9818
42.0154
42.0824
42.0824
42.0824
42.0489
42.0824
42.116
42.116
42.116
42.25
42.25
42.183
42.3505
42.3505
42.384
42.384
42.384
42.317
42.317
42.25
42.25
42.183
42.2835
42.25
42.25
42.2835
42.2165
42.25
42.2165
42.2165
42.2835
42.317
42.25
42.317
42.384
42.384
42.3505
42.3505
42.384
42.4509
42.384
42.384
42.4174
42.3505
42.317
42.183
42.25
42.25
42.183
42.25
42.2165
42.1495
42.183
42.1495
42.116
42.1495
42.183
42.183
42.183
42.1495
42.183
42.317
42.25
42.317
42.3505
42.3505
42.4174
42.384
42.384
42.4174
42.4509
42.4174
42.4509
42.4509
42.384
42.384
42.384
42.4174
42.4509
42.317
42.384
42.317
42.384
42.4174
42.384
42.317
42.317
42.4174
42.3505
42.384
42.4509
42.4509
42.5178
42.4509
42.5178
42.5178
42.5847
42.5847
42.5847
42.6516
42.5847
42.6516
42.6182
42.6182
42.5847
42.5178
42.5178
42.5847
42.5847
42.5178
42.4509
42.5178
42.5178
42.4509
42.5178
42.5178
42.5178
42.5178
42.5847
42.5178
42.5178
42.5178
42.5513
42.6516
42.7185
42.5847
42.5847
42.6516
42.6516
42.685
42.7519
42.7185
42.7519
42.685
42.6516
42.6516
42.6182
42.5847
42.5847
42.5178
42.5178
42.5178
42.4844
42.4844
42.4174
42.384
42.4174
42.4509
42.4844
42.4509
42.4844
42.5178
42.5847
42.5847
42.6516
42.6182
42.6182
42.6182
42.5847
42.5847
42.5847
42.5847
42.5847
42.5847
42.5847
42.6182
42.5513
42.4844
42.5178
42.5178
42.5178
42.5178
42.5178
42.5847
42.5178
42.5178
42.5178
42.5847
42.5513
42.6516
42.7185
42.7519
42.7853
42.7853
40.5004
38.6334
37.3679
37.0933
36.6118
36.4741
36.3362
36.2673
35.9567
35.7148
35.6456
35.6456
35.5764
35.5072
35.3687
35.438
35.2995
35.1955
35.0915
35.0222
35.0222
34.9528
34.9528
34.8834
34.7792
34.7445
34.6055
34.6055
34.536
34.536
34.536
34.536
34.536
34.536
34.536
34.536
34.536
34.536
34.3969
34.3273
34.2229
34.188
34.188
34.1184
34.0487
33.979
33.9093
33.9442
33.8396
33.7698
33.8047
33.8396
33.8396
33.8396
33.8396
33.9093
33.9093
33.979
33.979
33.979
33.9442
33.9093
33.9093
33.9093
33.7698
33.6302
33.5604
33.4905
33.4206
33.3158
33.2808
33.2108
33.2808
33.2108
33.2108
33.1409
33.2108
33.2108
33.2458
33.4206
33.3507
33.2808
33.2808
33.1059
33.0709
33.0009
32.8958
32.7557
32.7206
32.7206
32.7907
32.7206
32.6505
32.6154
32.5803
32.5102
32.4751
32.44
32.3698
32.2995
32.2995
32.3698
32.44
32.44
32.5102
32.5452
32.5102
32.5102
32.44
32.4049
32.3346
32.2644
32.159
32.1238
32.0887
32.0183
31.772
31.7368
31.6312
31.6664
31.5254
31.4902
31.4549
31.5254
31.4549
31.4549
31.3844
31.3491
31.3844
31.4197
31.4549
31.5254
31.5254
31.6664
31.5959
31.5959
31.5254
31.4197
31.2786
31.2433
31.208
31.1727
31.1727
31.1021
31.0667
31.0314
31.0314
31.0314
30.9961
30.9961
31.0314
31.0314
31.0314
31.1374
31.1727
31.208
31.5254
31.8776
32.159
32.2644
32.5102
32.44
32.6505
32.44
32.2995
31.948
31.8776
31.772
31.6664
31.5607
31.5254
31.4549
31.5254
31.5254
31.7016
31.8776
31.8776
31.9128
31.948
31.8072
31.7368
31.4197
31.3139
31.2433
31.2433
31.1727
31.0314
31.0314
30.8547
30.7133
30.6071
30.5363
30.5363
30.5363
30.3238
30.5009
30.3947
30.3947
30.5363
30.5363
30.5363
30.5363
30.5363
30.5363
30.5009
30.3947
30.4655
30.3947
30.3238
30.4655
30.4655
30.3947
30.3238
30.1111
30.1111
30.1465
30.3238
30.2529
30.0756
29.8626
29.7205
30.1465
30.0401
30.2175
30.2175
29.9691
30.0401
29.8981
29.7561
29.6139
29.8271
29.8981
30.3947
30.2529
30.182
30.0401
29.7561
29.6139
29.4005
29.4717
29.3293
29.685
29.5428
29.4717
29.3293
29.4005
29.5428
29.3649
29.1869
29.1157
28.9018
29.4005
29.6495
29.685
29.4361
29.4717
29.4005
29.3293
29.6139
29.7561
29.685
29.8271
30.0401
30.3238
30.3947
30.6779
30.9961
30.8901
30.9608
31.0314
31.0314
31.1021
31.0667
31.1727
31.1727
31.3844
31.4197
31.1021
31.4549
31.5254
31.6312
31.772
31.8072
31.4549
31.5254
31.5607
31.6664
31.7368
31.8424
31.8776
32.0887
32.0887
31.948
32.0535
32.0183
31.8072
31.948
32.0535
32.0183
31.948
31.948
31.9832
32.0887
32.0887
32.0887
32.0887
32.0887
32.0887
32.0183
32.1941
32.2644
32.2293
32.2293
31.948
32.0887
32.3698
32.3698
32.2293
32.159
32.0887
31.9832
32.0535
32.159
32.0887
32.0183
31.948
31.772
31.7368
31.8072
31.772
31.5254
31.5959
31.7016
31.8776
31.8072
31.772
31.7368
31.5959
31.6664
31.8424
31.6664
31.8424
31.6312
31.4902
31.3139
31.3844
31.3139
31.3491
31.1727
31.3844
31.5607
31.3139
31.4549
31.3139
31.208
31.0314
31.1021
30.9608
30.9254
30.9608
30.8547
30.6779
30.6071
30.7486
30.6779
30.7486
30.5363
30.6071
30.5363
30.5717
30.5363
30.3238
30.4301
30.4301
30.5363
30.5363
30.6071
30.6071
30.4655
30.5363
30.3947
30.3947
30.3238
30.2529
30.2175
30.2529
30.3238
30.182
30.1111
30.0756
30.0046
29.9691
30.1111
30.0756
30.0401
30.0046
29.8271
29.8981
29.7561
29.7561
29.7916
29.7916
29.8271
30.0401
29.7561
29.6139
29.6139
29.7561
29.8271
29.8626
29.8981
29.8626
29.8271
29.5428
29.2581
29.4005
29.3293
29.4361
29.2581
29.2225
29.1513
29.0444
29.0444
29.08
29.0444
29.08
29.1157
29.0444
29.1157
29.1157
29.0444
28.9731
29.0444
29.0088
29.08
29.0444
29.08
29.0444
29.0444
28.9375
29.0444
29.0444
28.8305
28.8661
29.0444
29.1513
29.1869
29.0444
29.1157
28.9731
28.9731
29.1157
29.0444
28.9018
28.9018
29.0088
28.8661
28.9731
28.9731
28.9375
28.8305
28.6877
28.5449
28.4735
28.5449
28.652
28.7234
28.6877
28.6163
28.6163
28.5806
28.6877
28.6877
28.6877
28.5806
28.6877
28.6877
28.7591
28.8305
28.7591
28.8305
28.8305
28.7948
28.8305
28.7948
28.7591
28.6163
28.6877
28.6163
28.6877
28.652
28.6877
28.5449
28.652
28.4735
28.7591
28.5449
28.402
28.402
28.402
28.402
28.5806
28.6877
28.652
28.5449
28.402
28.3305
28.259
28.2232
28.0443
28.1159
28.1875
28.1875
28.2232
28.3305
28.3663
28.402
28.2948
28.259
28.259
28.259
28.1517
28.2232
28.2232
28.1875
28.3305
28.3305
28.402
28.3305
28.3305
28.2948
28.259
28.1517
28.1159
28.1159
28.1517
27.9011
27.8294
27.7936
27.7578
27.7219
27.6861
27.8294
27.7578
27.8294
27.7578
27.9011
27.9727
28.0443
28.1875
28.1875
28.3305
28.3305
28.3305
28.3305
28.3305
28.1517
28.1159
28.0443
28.0443
27.9011
27.8294
27.7578
27.8294
27.6861
27.6144
27.5426
27.6144
27.6861
27.5785
27.5785
27.4709
27.5068
27.3991
27.5068
27.3991
27.4709
27.3991
27.3991
27.2914
27.3991
27.3273
27.3991
27.5068
27.6861
27.6861
27.9011
28.0443
27.9011
27.9727
27.9727
27.9727
28.0443
28.1875
28.0085
27.7578
27.6861
27.6861
27.6144
27.5426
27.5785
27.7578
27.6861
27.6144
27.6144
27.5426
27.6144
27.5426
27.5426
27.5426
27.5426
27.3991
27.3991
27.3991
27.3273
27.4709
27.6144
27.6861
27.6861
27.7578
27.6861
27.7578
27.7578
27.8294
27.9011
27.6861
27.6861
27.7578
27.7219
27.7578
27.6861
27.7578
27.7578
27.7578
27.7578
27.7936
27.8294
27.8294
27.9011
27.8294
27.6861
27.6861
27.9369
27.8653
27.8294
27.7578
27.7219
27.6144
27.6144
27.6144
27.7578
27.9369
27.9727
28.0443
28.3305
28.402
28.6163
28.3663
28.3663
28.402
28.259
28.402
28.402
28.1875
28.1517
28.2232
28.0443
27.9727
28.0443
28.0443
28.0443
27.9011
27.9011
27.9369
28.0443
27.9011
27.9727
28.0443
28.0443
27.9727
28.0443
28.0443
28.0443
28.259
27.9727
27.9727
27.9369
27.9727
28.1159
28.1875
28.0085
28.0443
27.9727
28.0085
27.8294
28.0443
28.1159
28.3305
28.4377
28.4735
28.5449
28.6877
28.6163
28.6163
28.5449
28.6163
28.5449
28.6877
28.8305
28.7234
28.7234
28.7591
28.6877
28.7948
28.7591
28.9731
28.8661
28.7948
28.6163
28.3663
28.4735
28.402
28.2948
28.6163
28.6163
28.6877
28.5806
28.6163
28.5449
28.652
28.6877
28.7591
28.7591
28.8305
28.9731
28.7591
28.7948
28.7591
28.9018
28.8305
28.8305
28.9731
28.9018
28.9018
28.7948
28.7948
28.8305
29.0444
29.1157
29.1869
29.1513
29.0444
29.0444
29.0088
29.1869
29.2225
29.2225
29.1157
29.2581
29.2581
29.2581
29.3293
29.1157
29.2581
29.2581
29.3293
29.2581
29.3293
29.2581
29.1869
29.1157
28.9018
28.9018
28.9731
28.9731
28.9731
28.8661
28.8305
28.9731
28.7948
28.9731
28.9018
28.9018
28.9018
28.9731
29.0088
29.1513
29.1869
29.2581
29.2225
29.2225
29.4005
29.4717
29.5428
29.5428
29.6139
29.685
29.685
29.685
29.685
29.7561
29.7561
29.8271
29.8271
29.8271
29.685
29.8271
29.8981
29.8271
29.7561
29.7561
29.8981
30.0756
30.0401
30.0046
30.182
30.3238
30.2529
30.3947
30.2529
30.4301
30.3947
30.4655
30.3947
30.3947
30.5009
30.3947
30.5363
30.4655
30.4301
30.3947
30.3592
30.3238
30.3238
30.3238
30.3947
30.3238
30.3238
30.3592
30.3947
30.3238
30.2529
30.2884
30.2529
30.2529
30.182
30.1111
30.182
30.1111
30.1111
30.182
30.182
30.2884
30.4301
30.4655
30.4655
30.5363
30.5363
30.6779
30.6425
30.6071
30.6425
30.6071
30.6425
30.6071
30.5363
30.5717
30.5363
30.5363
30.5363
30.6071
30.5363
30.5363
30.7133
30.6779
30.6779
30.6071
30.5363
30.5363
30.4655
30.4655
30.5363
30.5009
30.5363
30.5363
30.6071
30.7486
30.784
30.8547
30.8547
30.8901
30.8901
30.8194
30.8194
30.8194
30.8901
30.8194
30.8194
30.8901
30.8547
30.8194
30.7133
30.784
30.7486
30.8194
30.8194
30.8194
30.7486
30.784
30.784
30.8194
30.7486
30.7486
30.6779
30.7486
30.6071
30.5363
30.6071
30.5363
30.6425
30.6071
30.5717
30.5363
30.3947
30.3947
30.3947
30.3592
30.3592
30.3238
30.3238
30.5363
30.6071
30.6071
30.5363
30.4655
30.3592
30.3238
30.3947
30.3947
30.4655
30.5009
30.4655
30.4301
30.3947
30.4655
30.3947
30.3947
30.3947
30.3947
30.3238
30.3238
30.3238
30.4655
30.4655
30.4301
30.5363
30.4655
30.4655
30.5363
30.5363
30.5363
30.3947
30.3947
30.4301
30.4655
30.4301
30.3947
30.3947
30.3592
30.3238
30.2529
30.182
30.2529
30.5363
31.1727
31.1021
30.9961
30.9608
30.8901
30.8547
30.8194
30.784
30.7486
30.8194
30.6779
30.7486
30.8194
30.9254
30.6071
30.6779
30.6071
30.5363
30.5363
30.5363
30.6071
30.5717
30.5363
30.6071
30.5363
30.4655
30.4655
30.4655
30.4655
30.5363
30.5363
30.7486
30.8901
30.9608
30.7486
30.784
30.6779
30.6071
30.5363
30.4655
30.5009
30.3947
30.4301
30.5363
30.4655
30.4301
30.3947
30.4655
30.3947
30.5363
30.5363
30.4655
30.3592
30.3947
30.3947
30.3238
30.3592
30.3238
30.4301
30.4655
30.4655
30.6071
30.5363
30.6071
30.5363
30.5363
30.5363
30.5363
30.5009
30.3238
30.2529
30.3947
30.3238
30.3238
30.2175
30.3238
30.2884
30.3947
30.3238
30.3238
30.4655
30.5363
30.5717
30.6779
30.5363
30.6071
30.4655
30.3947
30.3947
30.3947
30.2529
30.4655
30.4655
30.2884
30.3947
30.3947
30.5363
30.4655
30.5363
30.5363
30.5363
30.5363
30.5363
30.6071
30.5363
30.5363
30.6071
30.7133
30.6071
30.5363
30.6071
30.7486
30.6779
30.6071
30.6779
30.8194
30.8194
30.784
30.6779
30.6071
30.7486
30.7133
30.8194
30.784
30.5363
30.4655
30.5363
30.6071
30.3947
30.6071
30.5009
30.5363
30.5363
30.5363
30.3947
30.2884
30.3947
30.5363
30.5717
30.5363
30.5363
30.6779
30.6071
30.5363
30.5363
30.4655
30.3238
30.3238
30.5009
30.4655
30.3947
30.5363
30.6071
30.3947
30.5009
30.2529
30.182
30.1111
30.2529
30.3238
30.3238
30.1465
30.182
30.2529
30.1111
29.9691
29.9336
29.9691
29.8981
29.9336
30.0046
30.2529
30.1111
30.3238
30.4655
30.3238
30.3238
30.3238
30.3238
30.2175
30.4655
30.5717
30.5363
30.5363
30.4301
30.4655
30.3238
30.3238
30.3592
30.3947
30.5363
30.3947
30.3947
29.9691
30.2529
30.3947
30.3238
30.3947
30.4655
30.4655
30.3947
30.3947
30.4655
30.3238
30.4301
30.4301
30.3238
30.4301
30.5009
30.5009
30.4655
30.5009
30.5363
30.5009
30.5363
30.4655
30.3947
30.4655
30.2884
30.5363
30.3592
30.3947
30.3592
30.5363
30.5009
30.5009
30.5363
30.4655
30.5363
30.182
30.3238
30.4655
30.3947
30.4655
30.5717
30.6071
30.5363
30.5009
30.5363
30.4655
30.4655
30.4655
30.4655
30.4655
30.3238
30.3947
30.4301
30.2529
30.3947
30.3592
30.3947
30.3238
30.3592
30.3238
30.3238
30.3947
30.2884
30.2529
30.2529
30.3238
30.3238
30.3947
30.3947
30.2529
30.182
30.182
30.0401
30.3947
30.3947
30.3947
30.3592
30.3238
30.3947
30.3592
30.3592
30.4655
30.3238
30.3238
30.3238
30.3238
30.3238
30.2529
30.3238
30.2529
30.3947
30.3947
30.2529
30.2529
30.3238
30.2529
30.2884
30.3238
30.2529
30.2884
30.2884
30.3238
30.3238
30.2529
30.2529
30.2529
30.3238
30.2884
30.3238
30.2529
30.3238
30.3238
30.2529
30.3238
30.2884
30.2884
30.3238
30.3592
30.3592
30.3592
30.3238
30.3238
30.3238
30.2884
30.2529
30.3592
30.3592
30.2529
30.3947
30.2529
30.2529
30.2175
30.2529
30.2529
30.2884
30.3238
30.3238
30.3238
30.2884
30.3238
30.182
30.2529
30.182
30.182
30.2884
30.3592
30.3238
30.3238
30.182
30.2529
30.2529
30.2529
30.182
30.182
30.2529
30.3238
30.2529
30.3238
30.1465
30.2175
30.182
30.1111
30.2529
30.182
30.1465
30.1465
30.1111
30.1111
30.0756
30.2175
30.1111
30.0756
30.1111
30.182
30.182
30.182
30.2175
30.3238
30.2529
30.2529
30.2175
30.2529
30.2529
30.2529
30.2884
30.2884
30.1465
30.182
30.2529
30.182
30.182
30.1111
30.182
30.0756
30.1465
30.2529
30.182
30.2175
30.1111
30.182
30.2175
30.182
30.1111
30.2529
30.182
30.182
30.182
30.182
30.2529
30.1465
30.182
30.182
30.1465
30.182
30.182
30.3238
30.2529
30.2884
30.2175
30.3238
30.0756
30.182
30.1465
30.182
30.182
30.2529
30.0756
30.182
30.1111
30.182
30.1111
30.1111
30.0401
30.1111
30.182
30.0756
30.0401
30.1111
30.1111
30.1111
29.9336
29.9691
29.9691
29.9691
29.9691
30.0401
30.1111
29.9691
29.9691
30.0401
30.0401
29.9691
29.9691
29.9691
30.1111
30.0401
30.0401
30.0401
29.9691
29.9691
29.9691
30.0401
30.0401
29.9691
30.0401
30.0046
29.9691
29.9691
29.9691
29.9691
29.9691
30.0401
30.0046
30.0401
30.0401
30.0401
30.0046
30.0401
30.0401
29.9691
29.9691
30.0046
30.0756
30.0401
30.0401
30.0401
29.9691
30.0046
29.9691
30.0401
29.9691
30.0401
30.0046
30.0046
30.0401
29.9691
29.9336
29.8981
29.9691
29.9691
29.9691
29.9336
29.9691
30.0401
30.0401
30.0046
30.0046
30.1111
30.0401
30.0401
30.0401
30.1111
30.0401
30.0401
30.0401
29.9691
30.0046
29.9691
29.9691
29.9691
29.9691
29.9691
29.9691
30.0046
29.9691
29.8981
29.9691
29.9691
30.0401
29.9691
29.9691
30.0401
30.0401
29.9691
30.0756
29.9691
30.0401
29.8981
29.9691
29.9691
30.0046
29.9691
29.9691
30.0401
30.0046
30.0046
29.9691
29.9691
29.9691
29.9691
30.0046
30.0756
30.0046
30.0401
30.0046
29.9691
29.8626
29.8626
29.9336
29.8626
29.8981
29.8271
29.8271
29.7561
29.7916
29.8981
29.8271
29.7205
29.9691
29.7561
29.8271
29.8271
29.7561
29.8271
29.8271
29.7561
29.8981
29.8271
29.8981
29.685
29.8981
29.8981
29.8981
29.9336
29.8981
29.9336
29.9691
29.8981
29.9336
29.8981
29.9336
29.8626
29.8981
29.8626
29.8981
29.8981
29.9691
29.8981
29.8626
29.8626
29.8626
29.8981
29.8981
29.8626
29.8981
29.8981
29.8981
29.8626
29.9336
29.8626
29.8271
29.8271
29.8271
29.8271
29.8271
29.8626
29.8271
29.8271
29.8271
29.8271
29.8271
29.8626
29.8271
29.8271
29.8626
29.8271
29.8271
29.8271
29.7561
29.8271
29.8271
29.8271
29.7916
29.8271
29.7561
29.8271
29.8271
29.7916
29.7916
29.8271
29.8271
29.8271
29.8271
29.8271
29.7916
29.8271
29.7561
29.7561
29.7205
29.7561
29.7205
29.7916
29.7916
29.7561
29.8271
29.7916
29.8271
29.7916
29.8626
29.7916
29.8271
29.7561
29.7561
29.7561
29.7916
29.7205
29.7561
29.7561
29.7561
29.7205
29.7561
29.7205
29.7561
29.7561
29.685
29.7561
29.7561
29.7561
29.685
29.685
29.685
29.7205
29.7561
29.685
29.6495
29.7205
29.685
29.7205
29.7561
29.7205
29.685
29.685
29.685
29.7205
29.6495
29.685
29.6139
29.6495
29.5784
29.685
29.6139
29.685
29.6495
29.685
29.6139
29.6139
29.6139
29.6139
29.6495
29.685
29.685
29.685
29.6495
29.6495
29.6495
29.6495
29.6139
29.6139
29.685
29.6139
29.685
29.6139
29.6139
29.6139
29.5784
29.6139
29.6139
29.5784
29.6139
29.6495
29.685
29.6495
29.6139
29.6139
29.6139
29.6139
29.5428
29.6139
29.6139
29.6139
29.6495
29.5428
29.5784
29.6139
29.6139
29.5428
29.5784
29.6139
29.5428
29.5428
29.6495
29.6139
29.6139
29.5428
29.6139
29.5428
29.5428
29.6139
29.5428
29.5428
29.6139
29.685
29.6139
29.6139
29.6139
29.5428
29.6139
29.6139
29.5784
29.6139
29.6495
29.6495
29.7205
29.5784
29.685
29.685
29.685
29.6495
29.685
29.685
29.685
29.685
29.7205
29.6139
29.685
29.6139
29.6139
29.685
29.6495
29.6139
29.6139
29.685
29.6139
29.6495
29.6139
29.685
29.7561
29.685
29.685
29.685
29.685
29.6495
29.7561
29.7561
29.685
29.7205
29.685
29.685
29.685
29.685
29.6139
29.685
29.6139
29.6495
29.6139
29.6495
29.6139
29.6139
29.685
29.685
29.6139
29.685
29.7205
29.7561
29.7205
29.7561
29.7561
29.685
29.685
29.7205
29.7561
29.7561
29.8271
29.7561
29.7916
29.685
29.7561
29.7561
29.7561
29.685
29.7205
29.7916
29.8271
29.685
29.7561
29.7561
29.7561
29.7561
29.7205
29.7561
29.7561
29.7916
29.685
29.7561
29.7561
29.8271
29.8271
29.8271
29.8271
29.8626
29.9691
29.8271
29.7561
29.8271
29.8271
29.7561
29.7916
29.8271
29.8981
29.8981
29.8981
29.8981
29.8981
29.8981
29.8271
29.7916
29.8981
29.9336
29.9691
29.9691
29.9691
30.0401
30.0046
30.0401
30.0401
30.0401
30.0401
30.0401
30.0401
30.0401
30.0401
29.8981
30.0756
30.2529
30.2175
30.1465
30.2175
30.2529
30.2529
30.2175
30.0046
30.2175
30.2529
30.3238
30.2529
30.2884
30.3592
30.3238
30.2529
30.3947
30.3238
30.2529
30.2529
30.2884
30.4655
30.3592
30.3592
30.3238
30.2884
30.3592
30.3947
30.3238
30.3238
30.3238
30.3238
30.4655
30.2529
30.4655
30.5009
30.3947
30.4655
30.5363
30.5009
30.5363
30.3947
30.5363
30.5009
30.4655
30.3947
30.5363
30.5717
30.4655
30.5363
30.5717
30.5363
30.6071
30.6779
30.5363
30.5363
30.5363
30.4655
30.6779
30.6071
30.7486
30.6071
30.6071
30.7133
30.5363
30.5363
30.6779
30.5717
30.6779
30.784
30.8194
30.6779
30.784
30.8194
30.7486
30.6779
30.6779
30.6779
30.8547
30.784
30.8901
30.9961
30.7486
30.8901
30.8901
30.9254
30.9608
30.8901
30.8194
30.9254
30.8901
31.0314
30.9608
30.9961
31.0314
30.9254
31.0314
30.8901
30.8901
31.0314
30.9961
31.1021
31.1021
31.0667
31.1021
30.9608
31.1374
31.1374
31.0314
31.1727
31.1727
31.1021
31.1727
31.1021
31.1021
31.208
31.208
31.1727
31.2433
31.1727
31.3139
31.2433
31.2433
31.1374
31.1727
31.2433
31.3139
31.1727
31.2786
31.3491
31.3139
31.3844
31.3844
31.3844
31.3139
31.1727
31.3844
31.208
29.9691
28.6163
27.1117
26.86
26.608
26.3918
26.3197
26.1754
25.8865
25.8142
25.7419
25.7419
25.7057
25.6696
25.4525
25.3801
25.3801
25.4525
25.3801
25.3801
25.3439
25.3439
25.3077
25.0902
25.0902
25.0177
25.0177
25.0177
25.0177
25.0177
25.054
25.0177
24.9452
24.9452
24.9089
24.9452
25.0177
25.0177
25.0177
25.0177
24.9089
24.8726
24.8363
24.8
24.8
24.8
24.7274
24.7274
24.6548
24.6548
24.5821
24.5458
24.5094
24.4731
24.4367
24.2913
24.364
24.364
24.2913
24.364
24.2913
24.2913
24.2913
24.2913
24.2913
24.2913
24.2913
24.4004
24.4367
24.4731
24.6548
24.8
24.9452
24.8
24.7274
24.8726
24.7274
24.7274
24.5094
24.5094
24.364
24.3276
24.1457
24
24
24
23.8543
23.7449
23.7814
23.672
23.5626
23.6355
23.5626
23.6355
23.6355
23.4896
23.6355
23.7085
23.7085
23.6355
23.6355
23.7085
23.7085
23.7085
23.6355
23.5626
23.4531
23.4896
23.4531
23.4166
23.3435
23.2705
23.307
23.307
23.2705
23.2705
23.2705
23.2705
23.1974
23.1974
23.1974
23.0511
23.0511
23.0511
22.8682
22.9048
22.9414
22.8316
22.9048
22.8682
22.9048
22.8316
22.9048
22.8316
22.8316
22.7584
22.6852
22.6852
22.6486
22.6119
22.6852
22.6852
22.6852
22.6852
22.6486
22.6852
22.6119
22.6119
22.5386
22.6119
22.6119
22.6486
22.6486
22.6119
22.6119
22.6486
22.6119
22.6486
22.6119
22.5386
22.5753
22.6119
22.6119
22.5386
22.5386
22.4653
22.5386
22.5386
22.6852
22.6119
22.5386
22.6852
22.6852
22.6852
22.7218
22.6852
22.6486
22.6852
22.795
22.8316
22.8682
23.0146
23.2705
23.3435
23.5626
23.6355
23.7814
23.8543
23.8908
24.0729
24.2185
24.364
24.4004
24.5821
24.6184
24.8
24.8
24.9452
24.9452
25.0177
25.1627
25.3077
25.3077
25.3077
25.4163
25.3801
25.3077
25.2352
25.2352
25.1627
25.1627
25.3077
25.0902
25.0902
25.0902
25.1265
25.1627
25.054
25.0902
25.0902
25.0177
25.1265
25.2352
25.2352
25.199
25.0177
24.8726
24.9089
24.9452
24.9089
24.9452
24.8726
24.9089
24.9814
24.9452
24.8
24.8
24.8
24.7274
24.7274
24.8363
24.8726
24.6548
24.8726
24.8726
24.9452
24.8726
24.7637
24.9452
24.7274
24.6911
24.6548
24.7637
25.0177
24.9814
25.0177
25.2352
25.0177
25.0177
24.9814
24.9452
24.9452
24.9452
24.8
24.9452
25.0177
25.0177
25.1627
25.1627
25.0902
25.1627
25.1265
25.1627
25.0177
24.9452
24.9089
24.9452
24.8
24.8726
24.6548
24.6184
24.5821
24.5821
24.7274
25.1627
24.8726
24.8726
24.8
24.7274
24.8363
24.7637
24.6548
24.8
24.7274
24.8
24.6548
24.6548
24.5458
24.5458
24.4367
24.5821
24.5821
24.5821
24.5821
24.5821
24.6548
24.7274
24.6548
24.6548
24.5821
24.8
24.8
24.7274
24.8
24.8
24.8
24.7637
24.6548
24.9452
25.0177
25.0177
25.0902
25.2352
25.3801
25.6696
25.7419
25.6696
25.7057
25.7419
25.6696
25.4525
25.7419
25.7419
25.8503
26.1754
26.1032
26.1032
26.031
26.031
26.031
26.1032
26.1032
26.031
26.1032
26.1032
26.031
26.1393
26.1754
26.1754
26.2475
26.3197
26.3918
26.608
26.608
26.68
26.68
26.788
26.824
26.9679
26.896
26.9679
26.896
27.0039
27.0039
26.9679
27.0039
27.0398
27.0758
27.2914
27.4709
27.4709
27.5068
27.3991
27.2914
27.2914
27.2914
27.2914
27.2914
27.2914
27.2914
27.2914
27.1117
27.1117
27.1836
27.2914
27.3991
27.5426
27.5785
27.6144
27.6861
27.5426
27.6144
27.6861
27.9011
27.7219
27.7578
27.6861
27.7219
27.7578
27.6861
27.7578
27.6861
27.7578
27.8294
27.8294
27.9011
27.9011
27.9727
27.9369
27.9011
28.0085
28.1159
27.9727
28.0443
28.0801
28.1517
28.1159
28.1159
28.1159
28.1875
28.1875
28.1159
28.1159
28.0443
28.0085
28.0443
28.1159
28.1517
28.1875
28.259
28.3305
28.402
28.4735
28.7948
28.9018
28.9731
28.8305
28.8305
28.9731
29.08
29.1869
29.0444
29.2581
29.2581
29.3293
29.4005
29.4005
29.1157
28.9375
28.9375
28.8305
28.7948
28.8305
28.7234
28.6163
28.7591
28.8305
28.9018
28.7948
28.6163
28.5092
28.4735
28.402
28.2948
28.259
28.3305
28.2232
28.1875
28.1875
28.1159
28.1159
28.259
28.259
28.402
28.3305
28.3305
28.259
28.259
28.1875
28.1517
28.1875
28.3305
28.1159
28.1159
28.1875
28.1875
28.1159
27.9727
27.9011
27.8294
27.9011
27.8653
27.8294
27.8653
27.6861
27.5785
27.3273
27.435
27.3273
27.2914
27.3632
27.4709
27.435
27.5785
27.7578
27.8294
27.5426
27.5785
27.6144
27.5426
27.7578
27.8294
27.9727
28.1517
28.1517
28.259
28.402
28.6163
28.6877
28.6163
28.6877
28.7948
28.9375
28.9731
29.1157
29.2581
29.3293
29.1869
29.1869
29.3293
29.3649
29.0444
29.0444
29.5428
29.4717
29.4005
29.4005
29.6139
29.6139
29.5072
29.685
29.6139
29.5428
29.5784
29.5072
29.6495
29.685
29.6495
29.8271
29.8271
29.685
29.5428
29.7561
29.6139
29.5428
29.6139
29.4717
29.4005
29.4717
29.5428
29.4005
29.3293
29.2938
29.2938
29.4005
29.3293
29.4005
29.5428
29.5428
29.5428
29.4005
29.4361
29.4717
29.6139
29.4717
29.4005
29.1157
29.1157
29.08
29.0444
29.0444
29.08
29.1513
29.1157
29.1157
29.1513
29.0444
29.1157
29.1869
29.2581
29.2581
29.2581
29.2938
29.3293
29.2581
29.2581
28.9731
29.2225
29.2581
29.1869
29.1869
28.9731
28.9731
28.9731
29.1869
29.4361
29.1869
29.2581
29.3293
29.5072
29.4361
29.2225
29.685
29.685
29.6139
29.4717
29.5428
29.4717
29.5784
29.685
29.7561
29.8271
29.7561
29.7561
29.8981
29.8626
29.9336
29.9691
29.8981
29.9691
30.0401
30.0401
30.0756
30.0046
30.0401
30.1111
30.182
30.182
30.1111
30.1111
30.0401
29.9691
29.8981
29.8981
29.8981
29.9691
29.9691
30.4655
30.5363
30.5009
30.5009
30.4301
30.4655
30.6779
30.5363
30.3947
30.3947
30.3238
30.2529
30.3238
30.3947
30.3947
30.3592
30.2175
30.182
30.0401
29.9691
30.0756
30.0401
30.0401
30.182
30.0046
29.8981
29.8981
29.8271
29.8981
30.0046
29.9691
29.9691
29.9691
29.8981
29.8626
29.8271
29.7561
29.7916
29.8981
29.9691
29.9691
29.8981
29.8981
29.9691
30.0401
29.9691
30.0401
30.1111
30.0401
29.9691
29.9336
29.9691
29.9336
30.0401
29.9691
30.0401
30.1111
30.2175
30.182
30.3947
30.3238
30.4655
30.3947
30.5717
30.6071
30.6779
30.7133
31.0314
31.1727
30.9254
30.8901
30.9254
30.8901
30.8901
30.8901
30.8901
31.0667
31.0314
31.0314
31.0314
30.8901
30.9254
30.8547
30.8901
31.0314
31.0314
30.9608
30.9961
31.0314
30.9961
30.9608
31.0314
31.0667
31.0314
31.0314
31.1021
31.0314
31.1727
31.1021
31.1021
31.5254
31.5254
31.4197
31.3139
31.0314
31.0314
31.0667
31.0314
31.1021
31.1374
31.1727
31.1727
30.9608
30.9608
30.9961
31.0314
31.1021
31.0314
30.8194
30.8901
30.9608
30.9608
30.8194
30.8194
30.784
30.7486
30.7486
30.6779
30.6779
30.6425
30.7133
30.7133
30.7133
30.9608
30.784
30.7486
30.7486
30.8194
30.8901
30.8901
30.8194
30.8547
30.7486
30.8901
30.8194
30.7486
30.6071
30.6071
30.6779
30.7486
30.7486
30.7486
30.7133
30.8194
30.784
30.8194
30.8901
30.9254
30.7486
30.784
30.7486
30.784
31.0314
31.1021
31.0314
30.8901
30.9961
30.9961
30.9961
30.9608
30.9608
30.9608
31.0314
30.9608
30.9254
30.8901
30.8901
30.9608
30.9608
31.0314
30.9961
30.9608
31.0314
31.0314
31.2786
31.4549
31.5254
31.6664
31.8776
32.3698
32.4751
32.6855
32.6855
32.6505
32.6154
32.6154
32.5803
32.5803
32.6505
32.7206
32.7206
32.7206
32.5803
32.7206
32.8257
32.7907
32.8608
32.8958
32.8608
32.8608
32.8608
32.8257
32.8608
32.7907
32.9308
33.1059
33.2108
33.2808
33.2458
33.2458
33.2808
33.2108
33.2458
33.1409
33.1409
33.1759
33.1409
33.1409
33.2108
33.2808
33.2808
33.2458
33.2808
33.2808
33.3507
33.4206
33.3507
33.3507
33.3857
33.3507
33.6302
33.5604
33.5953
33.7
33.7
33.6302
33.6651
33.6302
33.7698
33.7698
33.7
33.7698
33.8047
33.8396
33.7698
33.7698
33.7698
33.7
33.7
33.7349
33.7
33.7
33.6302
33.7698
33.8396
33.9093
33.8047
33.8744
33.8047
33.8396
33.8744
33.8396
34.0139
33.979
33.9093
35.1609
35.0222
34.3621
34.536
34.5708
34.675
34.6055
34.6403
34.6055
34.675
34.6403
34.7445
34.675
34.7445
34.536
34.8834
35.2995
35.2302
35.0222
34.9875
34.8139
34.8834
35.3687
35.3687
35.2995
35.3687
35.0915
34.9528
35.7148
35.1609
35.853
35.0222
35.2648
36.0603
35.9912
35.2995
35.2648
35.0915
35.2995
35.2302
35.2302
34.9875
34.8834
34.8487
34.8139
34.8834
34.7792
34.8487
34.9528
35.1955
34.9875
35.0915
35.0915
34.9875
34.8834
34.8139
34.8834
34.8834
34.9528
34.9875
34.9528
34.9181
35.1609
35.0915
35.0915
35.0222
35.0222
35.0222
34.9528
35.0222
34.9528
34.8834
35.0222
34.9875
34.9181
34.9528
34.8834
34.9181
34.9528
34.9528
34.9875
34.9528
35.0568
34.9528
34.9528
34.9875
35.0222
35.0222
35.0222
35.0222
35.0568
35.0568
35.0568
35.0915
35.0222
35.0222
34.9528
35.0222
35.0222
34.9528
35.0222
35.0915
35.1262
35.0915
35.0568
35.0915
35.0915
35.0915
35.0222
35.0222
35.0222
35.0222
35.0222
35.0915
35.0915
34.9528
35.0222
35.0915
35.0915
35.0222
34.9528
35.0222
34.9528
35.0222
35.0222
34.9528
34.9875
34.9875
35.0222
34.9528
34.9528
34.9875
34.9528
34.9528
35.0222
35.0568
35.0222
35.0222
34.9875
35.0222
34.9528
34.9528
34.9528
34.9181
34.9528
34.9528
34.9875
34.9528
34.9181
34.9528
34.9528
34.8834
34.8834
34.9528
34.9528
35.0222
34.9528
34.9528
34.9875
34.9875
34.9875
35.0222
35.0222
35.0222
35.0222
35.0222
35.0222
34.9528
34.9528
34.9875
35.0222
34.9528
34.8139
34.9528
35.0222
35.1609
35.0222
35.0222
35.0568
35.0568
35.0222
35.0222
35.0222
35.0222
35.0568
35.0222
35.0568
35.0915
35.0915
35.1262
35.0915
35.0915
35.1262
35.0222
35.0222
35.0915
35.0915
35.1262
35.0222
35.1609
35.0915
35.0915
35.0222
35.0915
35.1262
35.0568
35.0222
35.0222
35.0222
35.0915
35.1609
35.1609
35.1609
35.1609
35.1609
35.0915
35.2302
35.1609
35.1262
35.1955
35.2302
35.3341
35.2995
35.2302
35.1609
35.0222
35.0222
35.0222
35.2995
35.2995
35.3687
35.438
35.3687
35.3687
35.3687
35.3341
35.2648
35.3687
35.1609
35.2302
35.0915
35.1955
35.1609
35.1609
35.1955
35.2648
35.0568
35.0915
35.1609
35.0915
35.1609
35.2302
35.2302
35.2302
35.1955
35.1955
35.2302
35.1609
35.1609
35.1609
35.2648
35.2995
35.1609
35.1609
35.3687
35.3687
35.1609
35.2302
35.1955
35.2995
35.3687
35.3687
35.4034
35.2995
35.2995
35.4034
35.3687
35.2995
35.2302
35.2995
35.0915
35.3687
35.2995
35.2302
35.3341
35.5418
35.438
35.438
35.3341
35.2648
35.0915
35.2302
35.5072
35.5072
35.5072
35.438
35.3687
35.3687
35.4034
35.438
35.5072
35.611
35.6456
35.6456
35.7148
35.5418
35.5764
35.5764
35.5418
35.5764
35.5072
35.5764
35.5764
35.5764
35.5764
35.5764
35.438
35.438
35.438
35.3687
35.438
35.5072
35.5764
35.5764
35.5418
35.5072
35.611
35.5764
35.6456
35.7839
35.6456
35.7148
35.7148
35.4726
35.611
35.6456
35.6456
35.5418
35.6802
35.5764
35.7839
35.7148
35.5764
35.7494
35.611
35.6456
35.7148
35.7148
35.7839
35.853
35.6456
35.7494
35.853
35.8185
35.9221
36.0603
35.9221
35.9567
35.8876
35.853
35.853
35.8876
35.853
35.9567
35.9221
35.853
35.9221
35.9567
35.9221
36.0603
35.9567
35.9221
35.9567
35.8185
35.9912
35.9912
35.9912
35.9912
35.9912
35.7839
35.8876
35.9567
35.9567
35.9912
35.9912
35.9221
36.0603
36.0603
36.0603
36.1293
36.1293
36.0603
36.0257
36.1293
36.0603
36.0603
36.1983
36.1293
36.2673
36.3362
36.3362
36.3707
36.2673
36.1983
36.2673
36.1983
36.3362
36.2673
36.3362
36.3362
36.3362
36.1638
36.4052
36.3362
36.543
36.543
36.4741
36.4052
36.4396
36.4741
36.4741
36.3362
36.3362
36.4741
36.4396
36.2673
36.3362
36.4052
36.4741
36.4741
36.543
36.6118
36.6807
36.7495
36.6807
36.6807
36.7495
36.7839
36.7495
36.6463
36.8183
36.8527
36.9559
36.8527
36.9559
36.9215
36.9559
36.8871
36.6807
36.8871
36.9902
37.0246
37.059
36.9559
37.0246
37.0246
37.0933
37.059
36.9215
37.162
37.0246
37.0246
37.1277
37.0246
37.0933
37.0933
37.162
37.0933
37.0933
37.0933
37.162
37.162
37.059
37.2307
37.1277
37.2993
37.265
37.1277
37.265
37.2993
37.2307
37.2307
37.2307
37.2307
37.2307
37.265
37.2307
37.265
37.2993
37.3679
37.4365
37.4365
37.3679
37.3679
37.2993
37.4022
37.3679
37.4365
37.4022
37.4022
37.2993
37.3679
37.3336
37.3336
37.265
37.265
37.2307
37.2307
37.2993
37.3336
37.3336
37.2993
37.3336
37.2993
37.2993
37.2993
37.2307
37.3336
37.265
37.2307
37.3336
37.2993
37.2307
37.2993
37.2307
37.3336
37.2307
37.2307
37.1963
37.265
37.265
37.2993
37.265
37.3679
37.2993
37.2993
37.1277
37.2993
37.265
37.2307
37.2307
37.1277
37.2307
37.2993
37.3336
37.2307
37.2307
37.3336
37.2307
37.3336
37.2993
37.3679
37.3679
37.3679
37.3679
37.2993
37.2993
37.2993
37.4365
37.3679
37.3336
37.2993
37.4022
37.4022
37.3679
37.3679
37.3336
37.265
37.3679
37.4022
37.3679
37.2993
37.2993
37.4365
37.4365
37.4022
37.4365
37.3679
37.3679
37.4365
37.4365
37.4365
37.5051
37.4365
37.3336
37.3679
37.4708
37.4365
37.4365
37.4365
37.4365
37.4365
37.3336
37.5051
37.5394
37.5051
37.5051
37.5051
37.5394
37.4708
37.5051
37.4365
37.3679
37.4365
37.4708
37.4022
37.5051
37.5051
37.5051
37.3679
37.3679
37.4365
37.4365
37.5394
37.4365
37.5051
37.5051
37.4708
37.5051
37.4365
37.5737
37.5737
37.5051
37.5051
37.4708
37.4708
37.4365
37.5394
37.4708
37.5051
37.5051
37.4365
37.5737
37.5737
37.5051
37.5051
37.5737
37.5051
37.5737
37.5051
37.5737
37.5051
37.5051
37.5394
37.5051
37.5394
37.5394
37.5051
37.5737
37.6765
37.5737
37.5737
37.6079
37.7107
37.5737
37.5051
37.6422
37.5737
37.6422
37.6422
37.6765
37.6422
37.7107
37.7107
37.6422
37.6079
37.5737
37.6765
37.6765
37.7107
37.6765
37.5737
37.7107
37.7107
37.745
37.745
37.7107
37.7107
37.745
37.7792
37.7107
37.7107
37.6765
37.7107
37.7792
37.7792
37.7792
37.745
37.7107
37.745
37.745
37.745
37.7792
37.745
37.7792
37.7792
37.8477
37.745
37.745
37.8134
37.8134
37.8477
37.8134
37.8477
37.8134
37.8477
37.8134
37.8134
37.745
37.7792
37.745
37.7792
37.7107
37.7792
37.8134
37.745
37.7792
37.745
37.7792
37.7792
37.7792
37.7107
37.745
37.7792
37.7792
37.8477
37.8477
37.8477
37.8477
37.8477
37.8477
37.745
37.8477
37.8134
37.8134
37.8477
37.9845
37.9161
37.9845
37.9845
37.9503
37.8819
37.9161
37.9161
37.9161
38.0187
37.9845
37.9161
37.9161
37.9503
37.9845
38.0187
37.9845
38.0187
38.0529
38.0529
38.0187
37.9845
38.0187
38.0187
38.0529
38.0871
38.0529
38.0871
38.1555
38.1213
38.1897
38.1897
38.1213
38.0871
38.1213
38.1555
38.1555
38.1897
38.1897
38.1213
38.1897
38.1897
38.1897
38.1897
38.258
38.258
38.2239
38.2239
38.1897
38.258
38.258
38.1897
38.258
38.3263
38.258
38.3263
38.2922
38.1897
38.3263
38.3263
38.3263
38.3605
38.3946
38.3263
38.3946
38.3946
38.4287
38.3946
38.4287
38.4287
38.4287
38.4287
38.4287
38.258
38.3263
38.3263
38.3263
38.3605
38.3946
38.3946
38.4287
38.3946
38.3946
38.3946
38.3946
38.4629
38.3946
38.3605
38.3946
38.4629
38.4629
38.4629
38.3946
38.3946
38.3263
38.3946
38.4287
38.3605
38.3946
38.3946
38.3946
38.3263
38.3263
38.3263
38.3605
38.3605
38.3946
38.4629
38.4629
38.3946
38.3946
38.258
38.3263
38.3946
37.5737
36.6118
35.7494
34.2577
33.8396
33.5604
33.2108
33.0009
32.7206
32.44
32.2293
32.159
31.8072
31.6664
31.5959
31.4549
31.3491
31.2786
31.2433
31.1727
31.0314
31.0314
31.0314
30.8547
30.784
30.784
30.5363
30.4655
30.3947
30.3238
30.2529
30.1465
30.182
30.182
30.1111
30.1111
30.1111
30.0401
30.0401
29.9691
29.8626
29.8271
29.7916
29.7561
29.7561
29.685
29.685
29.685
29.6139
29.6139
29.6139
29.5428
29.4717
29.4005
29.3293
29.3293
29.3293
29.3649
29.3293
29.3293
29.3649
29.4005
29.3293
29.3293
29.3293
29.3293
29.2581
29.3293
29.3293
29.2581
29.2581
29.1869
29.1869
29.1869
29.1157
29.1157
28.8661
28.8305
28.9375
29.08
29.0444
29.0444
28.9731
28.9018
28.8661
28.8305
28.8305
28.8305
28.8305
28.9018
28.9731
29.08
29.1513
29.2581
29.8271
29.9336
29.8981
29.9691
30.0401
30.2529
30.2529
30.4301
30.5363
30.5363
30.5363
30.4655
30.7486
30.8901
30.5363
30.4655
30.3947
30.4655
30.2529
30.3238
30.0401
30.0046
29.8981
29.7916
29.685
29.8626
29.8271
29.7205
29.6139
29.4361
29.3293
29.2581
29.1157
29.1513
29.0444
28.9731
28.9018
28.8305
28.8305
28.7948
28.8305
28.9018
28.9731
28.9018
28.9018
28.9375
28.8305
29.0444
28.9731
28.8305
28.7591
28.6877
28.8305
28.8305
28.7234
28.8305
28.6877
28.6163
28.5092
28.4735
28.652
28.4735
28.402
28.4735
28.4735
28.6163
28.5449
28.4735
28.5092
28.6163
28.5449
28.4735
28.4735
28.2232
28.3305
28.259
28.259
28.259
28.259
28.259
28.1875
28.1875
28.0443
28.1159
27.9727
27.9727
27.9011
27.7219
27.7578
27.9011
27.9727
27.9369
27.9011
27.9369
27.9727
27.9011
27.9727
28.0443
28.0443
27.9727
27.9727
27.9727
27.8653
27.8294
27.9011
27.9011
27.6502
27.5426
27.4709
27.3273
27.2555
27.7219
27.6144
27.6144
27.5426
27.4709
27.1836
27.1836
27.2914
27.2914
27.2914
27.3273
27.435
27.3991
27.2914
27.1836
27.2914
27.2914
27.1836
27.1836
27.1836
27.0398
27.1477
27.2555
27.0398
27.2914
27.2914
27.3273
27.2914
27.2555
27.1836
27.2914
27.1117
27.0398
26.932
26.896
26.9679
27.0039
26.9679
26.824
26.788
26.824
26.752
26.896
26.824
26.932
26.68
26.752
26.716
26.5359
26.608
26.68
26.608
26.5359
26.3918
26.3197
27.1117
27.5785
28.0443
28.1159
28.3663
28.5092
28.3305
28.3305
28.402
28.6163
28.6163
28.6163
28.1875
28.1875
28.5449
28.6163
28.9731
29.2225
29.2581
29.1869
29.08
29.1157
29.0444
28.9731
28.9731
28.7234
28.6877
28.7591
28.9018
28.9731
28.9018
28.6877
28.8305
28.9018
28.9731
28.9018
28.9375
28.9731
28.9731
29.2225
29.3293
29.3293
29.2938
29.2938
29.1869
29.2938
29.1513
28.9018
29.0444
29.1157
29.0444
28.9731
28.8305
28.8305
28.9018
28.9018
28.6877
28.7591
28.8305
28.8661
28.6163
28.6163
28.6163
28.7234
28.7591
28.7591
28.652
28.6877
28.6163
28.6163
28.6163
28.5806
28.5806
28.7591
28.402
28.3305
28.3663
28.3305
28.5449
28.402
28.402
28.3305
28.402
28.4735
28.6163
28.6163
28.5806
28.5449
28.4735
28.5449
28.5449
28.5449
28.6163
28.652
28.4735
28.402
28.3663
28.6163
28.5806
28.5449
28.5449
28.402
28.4735
28.5449
28.5092
28.5449
28.3305
28.3305
28.4377
28.4735
28.6163
28.402
28.4735
28.3305
28.402
28.402
28.402
28.402
28.402
28.2948
28.0085
28.259
28.402
28.0443
28.0085
28.1159
28.1159
28.4735
28.2232
28.1875
28.1875
28.259
28.4735
28.402
28.1875
28.1159
27.9011
27.7936
27.7219
27.5426
27.3991
27.2914
27.3273
27.3273
27.2195
27.5426
27.3991
27.3632
27.2914
27.3273
27.6144
27.5426
27.2914
27.6144
27.4709
27.6861
27.5426
27.4709
27.2914
27.3991
27.3632
27.3991
27.0398
26.896
26.896
26.5359
26.1754
26.3197
26.3918
26.2475
26.608
26.2475
26.3918
26.608
27.0758
26.752
27.2914
27.2555
26.824
26.9679
27.1836
27.2555
27.2555
26.9679
27.2555
26.896
26.9679
27.2914
27.2914
27.0398
27.0398
27.1836
26.68
26.896
26.752
26.68
27.0758
26.9679
26.824
26.896
27.1117
26.932
26.824
26.4639
26.68
26.68
27.0758
26.896
27.2195
27.2914
27.2914
27.4709
27.3632
27.3273
27.2914
27.3273
27.6861
27.4709
27.6502
27.6502
27.4709
27.6861
27.9727
27.9727
27.9727
27.9011
27.8294
27.8294
27.9011
27.9011
28.0443
27.9727
27.6861
27.7578
27.9011
28.2232
28.3305
28.259
28.1875
28.3305
28.0443
27.9727
27.9369
27.8294
28.1159
28.3305
28.6163
28.652
28.652
28.6877
28.5449
28.2948
28.4735
28.1875
28.1159
28.0801
28.3305
28.3305
27.9011
28.0443
28.0085
27.8294
28.0801
27.9011
27.9727
28.0443
28.1517
28.259
28.1875
28.1517
28.3305
28.3305
28.4735
28.2948
28.3305
28.259
28.402
28.1159
28.1159
28.2232
28.259
28.3305
28.2948
28.4735
28.5449
28.4735
28.5092
28.4735
28.6877
28.6877
28.8305
28.8305
28.8661
29.1869
29.5784
29.6139
29.4717
29.5784
29.6139
29.6139
29.7205
29.5784
29.685
29.6139
29.685
29.8271
29.9336
29.8271
29.9691
29.7561
29.8626
29.8271
29.8981
29.9691
30.1465
30.0401
30.3947
30.4655
30.182
30.0401
30.1111
30.0401
30.0401
30.1465
30.182
30.2529
30.3238
30.3947
30.5009
30.5363
30.5717
30.5363
30.3592
30.3238
30.4301
30.6071
30.5717
30.8194
30.7486
30.9254
30.9608
30.8901
31.1727
31.3139
31.3491
31.4549
31.5254
31.8776
31.8072
31.6664
31.4902
31.4549
31.4197
31.3844
31.6312
31.948
32.0183
32.159
32.0183
32.0183
32.0887
32.159
32.2293
32.2995
32.5102
32.5803
32.3698
32.3346
32.3698
32.2995
32.5102
32.6855
32.4751
32.5102
32.4751
32.4751
32.5452
32.5102
32.4751
32.4751
32.6505
32.7206
32.7557
32.8958
33.1409
33.1409
33.3507
33.5604
33.7349
33.3507
33.5604
33.5604
33.5604
33.6651
33.4905
33.8047
33.6302
33.5604
33.4206
33.3158
33.4556
33.5604
